0.0 0.0
0.1 0.0
0.2 0.0
0.30000000000000004 0.0
0.4 0.0
0.5 0.0
0.6000000000000001 0.004632846884410471
0.7000000000000001 0.023164234422052357
0.8 0.05327773917072042
0.9 0.0903405142460042
1.0 0.1876302988186239
1.1 0.2316423442205233
1.2000000000000002 0.19689599258744525
1.3 0.2501737317581652
1.4000000000000001 0.24554088487375525
1.5 0.24090803798934424
1.6 0.17836460504980295
1.7000000000000002 0.18994672226082954
1.8 0.1598332175121611
1.9000000000000001 0.15288394718554574
2.0 0.11350474866805642
2.1 0.11813759555246689
2.2 0.08570766736159362
2.3000000000000003 0.09497336113041456
2.4000000000000004 0.10423905489923595
2.5 0.08339124391938839
2.6 0.08802409080379886
2.7 0.09034051424600409
2.8000000000000003 0.07180912670836222
2.9000000000000004 0.06485985638174682
3.0 0.07412555015056746
3.1 0.10887190178364596
3.2 0.08802409080379886
3.3000000000000003 0.12740328932128783
3.4000000000000004 0.13203613620569887
3.5 0.10423905489923549
3.6 0.09960620801482502
3.7 0.09728978457261979
3.8000000000000003 0.11813759555246689
3.9000000000000004 0.11350474866805693
4.0 0.09265693768820892
4.1000000000000005 0.09034051424600449
4.2 0.13666898309010936
4.3 0.11813759555246636
4.4 0.08107482047718352
4.5 0.11582117211026113
4.6000000000000005 0.11350474866805693
4.7 0.11350474866805592
4.800000000000001 0.11582117211026216
4.9 0.09960620801482546
5.0 0.12971971276349248
5.1000000000000005 0.11813759555246742
5.2 0.0810748204771828
5.300000000000001 0.09960620801482546
5.4 0.07875839703497826
5.5 0.09960620801482459
5.6000000000000005 0.09265693768820973
5.7 0.10655547834144025
5.800000000000001 0.10192263145703072
5.9 0.09497336113041498
6.0 0.08570766736159324
6.1000000000000005 0.09265693768820973
6.2 0.08802409080379846
6.300000000000001 0.1065554783414412
6.4 0.1065554783414412
6.5 0.08339124391938801
6.6000000000000005 0.10423905489923595
6.7 0.07875839703497757
6.800000000000001 0.06254343293954157
6.9 0.06949270326615731
7.0 0.07644197359277236
7.1000000000000005 0.05791058605513108
7.2 0.06717627982395147
7.300000000000001 0.07412555015056779
7.4 0.05791058605513108
7.5 0.06254343293954102
7.6000000000000005 0.06949270326615731
7.7 0.060227009497335796
7.800000000000001 0.06949270326615731
7.9 0.07875839703497826
8.0 0.05096131572851536
8.1 0.03937919851748844
8.200000000000001 0.06022700949733632
8.3 0.07180912670836254
8.4 0.05791058605513108
8.5 0.05791058605513108
8.6 0.06254343293954047
8.700000000000001 0.05559416261292584
8.8 0.05096131572851536
8.9 0.04632846884410487
9.0 0.05791058605513108
9.1 0.06717627982395087
9.200000000000001 0.03937919851748913
9.3 0.04632846884410487
9.4 0.04169562195969438
9.5 0.04864489228630925
9.600000000000001 0.0532777391707206
9.700000000000001 0.04169562195969438
9.8 0.044012045401899624
9.9 0.034746351633078654
10.0 0.034746351633078036
10.100000000000001 0.03242992819087341
10.200000000000001 0.023164234422052433
10.3 0.04864489228631011
10.4 0.03937919851748913
10.5 0.03706277507528324
10.600000000000001 0.034746351633078654
10.700000000000001 0.03011350474866816
10.8 0.03937919851748913
10.9 0.037062775075283896
11.0 0.016214964095436414
11.100000000000001 0.04169562195969438
11.200000000000001 0.03937919851748913
11.3 0.034746351633078654
11.4 0.034746351633078654
11.5 0.02316423442205202
11.600000000000001 0.03242992819087341
11.700000000000001 0.02548065786425768
11.8 0.011582117211026217
11.9 0.011582117211026217
12.0 0.027797081306462426
12.100000000000001 0.03242992819087341
12.200000000000001 0.02084781097984719
12.3 0.016214964095436706
12.4 0.02779708130646292
12.5 0.03242992819087283
12.600000000000001 0.02548065786425768
12.700000000000001 0.016214964095436706
12.8 0.016214964095436706
12.9 0.02548065786425768
13.0 0.01853138753764162
13.100000000000001 0.016214964095436706
13.200000000000001 0.01389854065323146
13.3 0.011582117211026217
13.4 0.011582117211026217
13.5 0.01158211721102601
13.600000000000001 0.011582117211026217
13.700000000000001 0.011582117211026217
13.8 0.00694927032661573
13.9 0.016214964095436706
14.0 0.0
14.100000000000001 0.009265693768820974
14.200000000000001 0.009265693768820974
14.3 0.0
14.4 0.011582117211026217
14.5 0.0069492703266156065
14.600000000000001 0.0023164234422052435
14.700000000000001 0.009265693768820974
14.8 0.009265693768820974
14.9 0.004632846884410487
15.0 0.0023164234422052023
15.100000000000001 0.0
15.200000000000001 0.0
15.3 0.0023164234422052435
15.4 0.00694927032661573
15.5 0.0023164234422052023
15.600000000000001 0.004632846884410487
15.700000000000001 0.011582117211026217
15.8 0.0023164234422052435
15.9 0.004632846884410487
16.0 0.0023164234422052023
16.1 0.0023164234422052843
16.2 0.0023164234422052023
16.3 0.0023164234422052023
16.400000000000002 0.0023164234422052843
16.5 0.0
16.6 0.0
16.7 0.0023164234422052023
16.8 0.0023164234422052023
16.900000000000002 0.0
17.0 0.0
17.1 0.0023164234422052843
17.2 0.0023164234422052023
17.3 0.0023164234422052023
17.400000000000002 0.0023164234422052843
17.5 0.0023164234422052023
17.6 0.0023164234422052843
17.7 0.0
17.8 0.0
17.900000000000002 0.0023164234422052843
18.0 0.0023164234422052023
18.1 0.0023164234422052843
18.2 0.0
18.3 0.0
18.400000000000002 0.0023164234422052843
18.5 0.0
18.6 0.0023164234422052843
18.7 0.0023164234422052023
18.8 0.0
18.900000000000002 0.0
19.0 0.004632846884410405
19.1 0.0
19.200000000000003 0.0
19.3 0.0
19.400000000000002 0.0
19.5 0.0
19.6 0.0023164234422052023
19.700000000000003 0.0
19.8 0.0
19.900000000000002 0.0
20.0 0.0
20.1 0.0
20.200000000000003 0.0
20.3 0.0
20.400000000000002 0.0
20.5 0.0
20.6 0.0
20.700000000000003 0.0
20.8 0.0
20.900000000000002 0.0
21.0 0.0
21.1 0.0
21.200000000000003 0.0
21.3 0.0
21.400000000000002 0.0
21.5 0.0
21.6 0.0
21.700000000000003 0.0
21.8 0.0023164234422052023
21.900000000000002 0.0
22.0 0.0
22.1 0.0023164234422052023
22.200000000000003 0.0
22.3 0.0
22.400000000000002 0.0
22.5 0.0
22.6 0.0
22.700000000000003 0.0
22.8 0.0
22.900000000000002 0.0
23.0 0.0
23.1 0.0
23.200000000000003 0.0
23.3 0.0
23.400000000000002 0.0023164234422052843
23.5 0.0
23.6 0.0
23.700000000000003 0.0
23.8 0.0
23.900000000000002 0.0
