0.0 0.0
0.1 0.0
0.2 0.0
0.30000000000000004 0.0
0.4 0.0
0.5 0.0
0.6000000000000001 0.005210142410559223
0.7000000000000001 0.024313997915943044
0.8 0.08220446914437884
0.9 0.14183165450966773
1.0 0.23792983674887092
1.1 0.2888734514298944
1.2000000000000002 0.27729535718420784
1.3 0.2923468797036005
1.4000000000000001 0.2524024545559804
1.5 0.23677202732430222
1.6 0.19509088803982846
1.7000000000000002 0.18582841264327915
1.8 0.17425031839759159
1.9000000000000001 0.15977770059048302
2.0 0.14762070163251115
2.1 0.15109412990621732
2.2 0.1400949403728145
2.3000000000000003 0.13372698853768655
2.4000000000000004 0.1406738450850995
2.5 0.144147273358805
2.6 0.14704179692022679
2.7 0.15109412990621732
2.8000000000000003 0.14530508278337373
2.9000000000000004 0.13951603566053078
3.0 0.16151441472733574
3.1 0.14125274979738323
3.2 0.15167303461850165
3.3000000000000003 0.16846127127474803
3.4000000000000004 0.15572536760449285
3.5 0.14877851105707987
3.6 0.1400949403728145
3.7 0.15167303461850165
3.8000000000000003 0.13835822623596142
3.9000000000000004 0.14414727335880564
4.0 0.13893713094824517
4.1000000000000005 0.1464628922079431
4.2 0.13372698853768716
4.3 0.13893713094824517
4.4 0.1285168461271279
4.5 0.1319902744008329
4.6000000000000005 0.11230751418316584
4.7 0.12735903670255808
4.800000000000001 0.11925437073057817
4.9 0.12735903670255921
5.0 0.11114970475859615
5.1000000000000005 0.1030450387866161
5.2 0.10188722936204647
5.300000000000001 0.08104665971981041
5.4 0.09204584925321325
5.5 0.09899270580062469
5.6000000000000005 0.08741461155493838
5.7 0.07641542202153485
5.800000000000001 0.07757323144610424
5.9 0.08509899270580093
6.0 0.06599513720041646
6.1000000000000005 0.07641542202153553
6.2 0.07120527961097566
6.300000000000001 0.060206090077573444
6.4 0.06773185133727012
6.5 0.06020609007757292
6.6000000000000005 0.049785805256454964
6.7 0.06599513720041646
6.800000000000001 0.06194280421442653
6.9 0.06367951835127961
7.0 0.03762880629848307
7.1000000000000005 0.050364709968739325
7.2 0.04573347227046404
7.300000000000001 0.05094361468102369
7.4 0.04573347227046445
7.5 0.04573347227046404
7.6000000000000005 0.039944425147620845
7.7 0.04399675813361097
7.800000000000001 0.037049901586199044
7.9 0.04862799583188624
8.0 0.040523329859905206
8.1 0.03994442514762014
8.200000000000001 0.03820771101076777
8.3 0.030103045038786722
8.4 0.029524140326502364
8.5 0.04399675813361137
8.6 0.02547180734051139
8.700000000000001 0.04689128169503316
8.8 0.03126085446335544
8.9 0.032418663887924165
9.0 0.026629616765080563
9.1 0.02720852147736444
9.200000000000001 0.030681949751071087
9.3 0.030681949751071087
9.4 0.025471807340511844
9.5 0.021419474354520945
9.600000000000001 0.0231561884913744
9.700000000000001 0.021998379066805684
9.8 0.021419474354521323
9.9 0.024892902628227482
10.0 0.022577283779089644
10.100000000000001 0.020261664929952603
10.200000000000001 0.02431399791594312
10.3 0.025471807340511844
10.4 0.01968276021766824
10.5 0.02605071205279574
10.600000000000001 0.019103855505383883
10.700000000000001 0.02257728377909004
10.8 0.017367141368530802
10.9 0.020261664929952603
11.0 0.015051522519393094
11.100000000000001 0.01968276021766824
11.200000000000001 0.01968276021766824
11.3 0.019103855505383883
11.4 0.01563042723167772
11.5 0.013893713094824395
11.600000000000001 0.010420284821118482
11.700000000000001 0.01563042723167772
11.8 0.0115780942456872
11.9 0.00984138010883412
12.0 0.013893713094824395
12.100000000000001 0.008683570684265401
12.200000000000001 0.009262475396549761
12.3 0.00984138010883412
12.4 0.009262475396549761
12.5 0.005789047122843498
12.600000000000001 0.008104665971981041
12.700000000000001 0.010420284821118482
12.8 0.009262475396549761
12.9 0.0023156188491374402
13.0 0.004631237698274798
13.100000000000001 0.0034734282737061604
13.200000000000001 0.010420284821118482
13.3 0.005210142410559241
13.4 0.006946856547412321
13.5 0.004631237698274798
13.600000000000001 0.006946856547412321
13.700000000000001 0.004052332985990521
13.8 0.0028945235614218
13.9 0.009262475396549761
14.0 0.004052332985990449
14.100000000000001 0.0023156188491374402
14.200000000000001 0.0034734282737061604
14.3 0.0046312376982748805
14.4 0.0034734282737061604
14.5 0.004052332985990449
14.600000000000001 0.0023156188491374402
14.700000000000001 0.004052332985990521
14.8 0.0011578094245687201
14.9 0.004052332985990521
15.0 0.0017367141368530494
15.100000000000001 0.0005789047122843601
15.200000000000001 0.0028945235614218
15.3 0.0011578094245687201
15.4 0.0017367141368530802
15.5 0.002315618849137399
15.600000000000001 0.0011578094245687201
15.700000000000001 0.0
15.8 0.0023156188491374402
15.9 0.0005789047122843601
16.0 0.002894523561421749
16.1 0.0005789047122843704
16.2 0.0011578094245686995
16.3 0.0005789047122843498
16.400000000000002 0.001736714136853111
16.5 0.0005789047122843498
16.6 0.0005789047122843704
16.7 0.0011578094245686995
16.8 0.0005789047122843498
16.900000000000002 0.001736714136853111
17.0 0.0005789047122843498
17.1 0.0
17.2 0.0017367141368530494
17.3 0.0011578094245686995
17.400000000000002 0.0005789047122843704
17.5 0.0
17.6 0.0005789047122843704
17.7 0.0
17.8 0.0
17.900000000000002 0.0
18.0 0.0005789047122843498
18.1 0.0
18.2 0.0
18.3 0.0011578094245686995
18.400000000000002 0.0005789047122843704
18.5 0.0
18.6 0.0
18.7 0.0
18.8 0.0
18.900000000000002 0.0005789047122843704
19.0 0.0
19.1 0.0
19.200000000000003 0.0
19.3 0.0011578094245686995
19.400000000000002 0.0
19.5 0.0
19.6 0.0011578094245686995
19.700000000000003 0.0
19.8 0.0
19.900000000000002 0.0
20.0 0.0
20.1 0.0
20.200000000000003 0.0
20.3 0.0
20.400000000000002 0.0
20.5 0.0
20.6 0.0005789047122843498
20.700000000000003 0.0
20.8 0.0
20.900000000000002 0.0
21.0 0.0
21.1 0.0
21.200000000000003 0.0
21.3 0.0
21.400000000000002 0.0
21.5 0.0
21.6 0.0
21.700000000000003 0.0
21.8 0.0
21.900000000000002 0.0
22.0 0.0
22.1 0.0
22.200000000000003 0.0
22.3 0.0
22.400000000000002 0.0
22.5 0.0
22.6 0.0
22.700000000000003 0.0
22.8 0.0
22.900000000000002 0.0
23.0 0.0
23.1 0.0
23.200000000000003 0.0
23.3 0.0
23.400000000000002 0.0
23.5 0.0
23.6 0.0
23.700000000000003 0.0
23.8 0.0
23.900000000000002 0.0
