0.0 0.0
0.1 0.0
0.2 0.0
0.30000000000000004 0.0
0.4 0.0
0.5 0.000289443978118035
0.6000000000000001 0.006367767518596777
0.7000000000000001 0.03762771715534459
0.8 0.10101594836319433
0.9 0.1861124779298967
1.0 0.2529740368751626
1.1 0.2995745173521662
1.2000000000000002 0.3224405916234917
1.3 0.29754840950534
1.4000000000000001 0.2819184346869667
1.5 0.25905236041564134
1.6 0.2289501866913657
1.7000000000000002 0.21332021187299227
1.8 0.1968219051202638
1.9000000000000001 0.1820602622362444
2.0 0.18611247792989652
2.1 0.18206026223624402
2.2 0.19971634490144413
2.3000000000000003 0.17482416278329313
2.4000000000000004 0.18379692610495305
2.5 0.16064140785550943
2.6 0.1858230339517785
2.7 0.1785869344988276
2.8000000000000003 0.17829749052070956
2.9000000000000004 0.17482416278329393
3.0 0.18234970621436206
3.1 0.17916582245506366
3.2 0.16816695128657833
3.3000000000000003 0.16093085183362746
3.4000000000000004 0.1531158644244412
3.5 0.173666386870821
3.6 0.17279805493646688
3.7 0.1594836319430373
3.8000000000000003 0.16122029581174552
3.9000000000000004 0.1458797649714903
4.0 0.14732698486207915
4.1000000000000005 0.13545978175924098
4.2 0.1293814582187622
4.3 0.13256534197805944
4.4 0.11317259544415219
4.5 0.11838258705027578
4.6000000000000005 0.11577759124721451
4.7 0.11433037135662331
4.800000000000001 0.09985817245072252
4.9 0.10159483631943073
5.0 0.09898984051636753
5.1000000000000005 0.09030652117282731
5.2 0.0987003965382495
5.300000000000001 0.08509652956670266
5.4 0.08191264580740426
5.5 0.07149266259515433
5.6000000000000005 0.0758343222669255
5.7 0.0712032186170363
5.800000000000001 0.06715100292338441
5.9 0.06975599872644675
6.0 0.06338823120784938
6.1000000000000005 0.06049379142666958
6.2 0.05875712755796084
6.300000000000001 0.05846768357984333
6.4 0.04978436423630224
6.5 0.05209991606124607
6.6000000000000005 0.05441546788619082
6.7 0.04833714434571163
6.800000000000001 0.04312715273958741
6.9 0.041390488870879184
7.0 0.043706040695823095
7.1000000000000005 0.040232712958407045
7.2 0.04399548467394112
7.300000000000001 0.034154389417928276
7.4 0.036469941242872575
7.5 0.03415438941792798
7.6000000000000005 0.033864945439810244
7.7 0.031549393614865674
7.800000000000001 0.0263394020087413
7.9 0.02836550985556756
8.0 0.032996613505456136
8.1 0.026628845986858864
8.200000000000001 0.02807606587744952
8.3 0.022576630293206827
8.4 0.0263394020087413
8.5 0.019971634490144503
8.6 0.02055052244638021
8.700000000000001 0.02170829835885272
8.8 0.019103302555790395
8.9 0.021418854380734684
9.0 0.02026107846826254
9.1 0.02055052244638021
9.200000000000001 0.02170829835885272
9.3 0.021997742336970758
9.4 0.018234970621436287
9.5 0.017945526643317933
9.600000000000001 0.016787750730846103
9.700000000000001 0.018234970621436287
9.8 0.018813858577672357
9.9 0.014472198905901814
10.0 0.014182754927783526
10.100000000000001 0.01562997481837396
10.200000000000001 0.016208862774610033
10.3 0.014472198905901814
10.4 0.015340530840255924
10.5 0.012156647080957308
10.600000000000001 0.011577759124721452
10.700000000000001 0.01244609105907556
10.8 0.01013053923413127
10.9 0.011288315146603414
11.0 0.009262207299776996
11.100000000000001 0.013893310949665741
11.200000000000001 0.007525543431068943
11.3 0.010709427190367342
11.4 0.0069466554748328704
11.5 0.013314422993429432
11.600000000000001 0.008683319343541088
11.700000000000001 0.006367767518596799
11.8 0.007236099452950907
11.9 0.00781498740918698
12.0 0.006657211496714716
12.100000000000001 0.004341659671770544
12.200000000000001 0.004920547628006616
12.3 0.009551651277895198
12.4 0.0031838837592983995
12.5 0.007236099452950779
12.600000000000001 0.004052215693652508
12.700000000000001 0.0069466554748328704
12.8 0.0023155518249442903
12.9 0.006078323540478762
13.0 0.005788879562360623
13.100000000000001 0.004052215693652508
13.200000000000001 0.0034733277374164352
13.3 0.0017366638687082176
13.4 0.002894439781180363
13.5 0.004341659671770467
13.600000000000001 0.0023155518249442903
13.700000000000001 0.0014472198905901815
13.8 0.0008683319343541088
13.9 0.002604995803062327
14.0 0.0017366638687081868
14.100000000000001 0.0017366638687082176
14.200000000000001 0.0023155518249442903
14.3 0.0014472198905901815
14.4 0.0011577759124721451
14.5 0.0028944397811803114
14.600000000000001 0.0008683319343541088
14.700000000000001 0.002604995803062327
14.8 0.0014472198905901815
14.9 0.0005788879562360726
15.0 0.0008683319343540934
15.100000000000001 0.002026107846826254
15.200000000000001 0.0002894439781180363
15.3 0.0014472198905901815
15.4 0.0014472198905901815
15.5 0.0005788879562360623
15.600000000000001 0.0002894439781180363
15.700000000000001 0.0008683319343541088
15.8 0.0002894439781180363
15.9 0.0005788879562360726
16.0 0.0005788879562360623
16.1 0.0005788879562360829
16.2 0.00028944397811803114
16.3 0.00028944397811803114
16.400000000000002 0.00028944397811804144
16.5 0.0008683319343540934
16.6 0.0
16.7 0.0005788879562360623
16.8 0.00028944397811803114
16.900000000000002 0.00028944397811804144
17.0 0.00028944397811803114
17.1 0.0
17.2 0.0
17.3 0.00028944397811803114
17.400000000000002 0.0005788879562360829
17.5 0.0
17.6 0.0
17.7 0.00028944397811803114
17.8 0.00028944397811803114
17.900000000000002 0.0005788879562360829
18.0 0.0
18.1 0.00028944397811804144
18.2 0.0
18.3 0.00028944397811803114
18.400000000000002 0.0
18.5 0.0
18.6 0.0
18.7 0.0
18.8 0.0
18.900000000000002 0.0
19.0 0.0
19.1 0.0
19.200000000000003 0.0
19.3 0.0
19.400000000000002 0.0
19.5 0.0
19.6 0.0
19.700000000000003 0.0
19.8 0.0
19.900000000000002 0.0
20.0 0.0
20.1 0.0
20.200000000000003 0.0
20.3 0.0
20.400000000000002 0.0
20.5 0.0
20.6 0.0
20.700000000000003 0.0
20.8 0.0
20.900000000000002 0.0
21.0 0.0
21.1 0.0
21.200000000000003 0.0
21.3 0.0
21.400000000000002 0.0
21.5 0.0
21.6 0.0
21.700000000000003 0.0
21.8 0.0
21.900000000000002 0.0
22.0 0.0
22.1 0.0
22.200000000000003 0.0
22.3 0.00028944397811803114
22.400000000000002 0.0
22.5 0.0
22.6 0.0
22.700000000000003 0.0
22.8 0.0
22.900000000000002 0.0
23.0 0.0
23.1 0.0
23.200000000000003 0.0
23.3 0.0
23.400000000000002 0.0
23.5 0.0
23.6 0.0
23.700000000000003 0.0
23.8 0.0
23.900000000000002 0.0
