0.0 0.0
0.1 0.0
0.2 0.0
0.30000000000000004 0.0
0.4 0.0
0.5 0.0006946373992775765
0.6000000000000001 0.014587385384829121
0.7000000000000001 0.07235806242474764
0.8 0.15166249884227104
0.9 0.2504167824395666
1.0 0.31964897656756475
1.1 0.36445308882096844
1.2000000000000002 0.34523478744095626
1.3 0.3314578123552836
1.4000000000000001 0.3143234231731041
1.5 0.2895480225988698
1.6 0.2678984903213853
1.7000000000000002 0.2516902843382424
1.8 0.2459016393442621
1.9000000000000001 0.2503010095396873
2.0 0.23721867185329237
2.1 0.23791330925256995
2.2 0.2335139390571453
2.3000000000000003 0.22529406316569398
2.4000000000000004 0.22656756506437054
2.5 0.22344169676762043
2.6 0.22402056126701841
2.7 0.2146429563767711
2.8000000000000003 0.21695841437436303
2.9000000000000004 0.21209595257942096
3.0 0.2071177178845974
3.1 0.18917291840326
3.2 0.19009910160229676
3.3000000000000003 0.1856997314068721
3.4000000000000004 0.170186162823007
3.5 0.15826155413540782
3.6 0.15420950263962196
3.7 0.153630638140224
3.8000000000000003 0.13753820505696013
3.9000000000000004 0.13348615356117488
4.0 0.12873946466611025
4.1000000000000005 0.12434009447068674
4.2 0.11114198388441274
4.3 0.10674261368898712
4.4 0.10616374918959008
4.5 0.09690191719922148
4.6000000000000005 0.09667037139946315
4.7 0.09018708900620494
4.800000000000001 0.08046216541631963
4.9 0.0786097990182461
5.0 0.07513661202185752
5.1000000000000005 0.07085301472631311
5.2 0.06853755672872057
5.300000000000001 0.06263313883486175
5.4 0.05869686023895548
5.5 0.0625173659349816
5.6000000000000005 0.05858108733907588
5.7 0.04804575345003216
5.800000000000001 0.04341483745484872
5.9 0.049435028248587747
6.0 0.04596184125219944
6.1000000000000005 0.04468833935352429
6.2 0.038899694359544115
6.300000000000001 0.03751041956098929
6.4 0.037973511160507685
6.5 0.037394646661109365
6.6000000000000005 0.030564045568213502
6.7 0.031721774567009184
6.800000000000001 0.030332499768454306
6.9 0.02685931277206641
7.0 0.030679818468092826
7.1000000000000005 0.026164675372788833
7.2 0.025817356673149813
7.300000000000001 0.02523849217375206
7.4 0.021996850977123353
7.5 0.02454385477447426
7.6000000000000005 0.02211262387700295
7.7 0.02037603037880882
7.800000000000001 0.017713253681578278
7.9 0.018986755580253842
8.0 0.019218301380013035
8.1 0.01586088728350445
8.200000000000001 0.018986755580253842
8.3 0.017134389182180295
8.4 0.014471612484949575
8.5 0.013545429285912802
8.6 0.013198110586273779
8.700000000000001 0.014587385384829172
8.8 0.012387700287116837
8.9 0.012503473186996433
9.0 0.01088265258868208
9.1 0.011461517088079859
9.200000000000001 0.012040381587478045
9.3 0.011808835787718852
9.4 0.008104102991571762
9.5 0.011808835787718644
9.600000000000001 0.009493377790126921
9.700000000000001 0.008451421691210551
9.8 0.007988330091692166
9.9 0.007525238492173778
10.0 0.00787255719181243
10.100000000000001 0.0076410113920533755
10.200000000000001 0.00648328239325741
10.3 0.007177919792534989
10.4 0.005557099194220636
10.5 0.005325553394461348
10.600000000000001 0.006020190793739022
10.700000000000001 0.006020190793739022
10.8 0.0041678243956654775
10.9 0.006251736593498217
11.0 0.004283597295544998
11.100000000000001 0.004283597295545074
11.200000000000001 0.0046309159951838635
11.3 0.003936278595906284
11.4 0.003704732796147091
11.5 0.0028943224969898633
11.600000000000001 0.0038205056960266878
11.700000000000001 0.003241641196628705
11.8 0.0038205056960266878
11.9 0.0024312308974715285
12.0 0.002315457997591891
12.100000000000001 0.0033574140965083013
12.200000000000001 0.0023154579975919317
12.3 0.0020839121978327387
12.4 0.0011577289987959659
12.5 0.0013892747985551344
12.600000000000001 0.0020839121978327387
12.700000000000001 0.0011577289987959659
12.8 0.001968139297953142
12.9 0.0006946373992775795
13.0 0.00127350189867554
13.100000000000001 0.001389274798555159
13.200000000000001 0.0012735018986755626
13.3 0.0010419560989163694
13.4 0.0009261831990367728
13.5 0.0006946373992775672
13.600000000000001 0.0008104102991571763
13.700000000000001 0.0001157728998795966
13.8 0.0004630915995183864
13.9 0.0006946373992775795
14.0 0.0009261831990367563
14.100000000000001 0.0005788644993979829
14.200000000000001 0.0
14.3 0.0002315457997591932
14.4 0.00034731869963878977
14.5 0.0005788644993979727
14.600000000000001 0.00034731869963878977
14.700000000000001 0.0004630915995183864
14.8 0.0001157728998795966
14.9 0.0001157728998795966
15.0 0.00011577289987959453
15.100000000000001 0.0001157728998795966
15.200000000000001 0.0001157728998795966
15.3 0.0006946373992775795
15.4 0.00034731869963878977
15.5 0.0003473186996387836
15.600000000000001 0.0
15.700000000000001 0.00034731869963878977
15.8 0.0001157728998795966
15.9 0.0
16.0 0.0
16.1 0.0
16.2 0.0
16.3 0.00011577289987959453
16.400000000000002 0.0
16.5 0.0
16.6 0.0
16.7 0.0
16.8 0.00023154579975918907
16.900000000000002 0.0
17.0 0.0
17.1 0.00011577289987959865
17.2 0.00011577289987959453
17.3 0.0
17.400000000000002 0.0
17.5 0.00011577289987959453
17.6 0.0
17.7 0.0
17.8 0.0
17.900000000000002 0.00011577289987959865
18.0 0.0
18.1 0.00011577289987959865
18.2 0.00023154579975918907
18.3 0.0
18.400000000000002 0.0
18.5 0.0
18.6 0.0
18.7 0.0
18.8 0.0
18.900000000000002 0.0
19.0 0.0
19.1 0.0
19.200000000000003 0.0
19.3 0.0
19.400000000000002 0.0
19.5 0.0
19.6 0.0
19.700000000000003 0.0
19.8 0.0
19.900000000000002 0.0
20.0 0.0
20.1 0.0
20.200000000000003 0.0
20.3 0.0
20.400000000000002 0.0
20.5 0.0
20.6 0.0
20.700000000000003 0.0
20.8 0.0
20.900000000000002 0.0
21.0 0.00011577289987959453
21.1 0.0
21.200000000000003 0.0
21.3 0.0
21.400000000000002 0.0
21.5 0.0
21.6 0.0
21.700000000000003 0.0
21.8 0.0
21.900000000000002 0.0
22.0 0.0
22.1 0.0
22.200000000000003 0.0
22.3 0.0
22.400000000000002 0.0
22.5 0.0
22.6 0.0
22.700000000000003 0.0
22.8 0.0
22.900000000000002 0.0
23.0 0.0
23.1 0.0
23.200000000000003 0.0
23.3 0.0
23.400000000000002 0.0
23.5 0.0
23.6 0.0
23.700000000000003 0.0
23.8 0.0
23.900000000000002 0.0
