0.0 0.0
0.1 0.0
0.2 0.0
0.30000000000000004 0.0
0.4 0.0
0.5 0.0
0.6000000000000001 0.0
0.7000000000000001 0.018535681186283598
0.8 0.0231696014828545
0.9 0.0695088044485635
1.0 0.1853568118628358
1.1 0.16682113067655222
1.2000000000000002 0.2641334569045416
1.3 0.23169601482854474
1.4000000000000001 0.1807228915662653
1.5 0.1853568118628358
1.6 0.16682113067655222
1.7000000000000002 0.19462465245597801
1.8 0.20389249304911938
1.9000000000000001 0.12048192771084353
2.0 0.10658016682113058
2.1 0.0926784059314179
2.2 0.0926784059314179
2.3000000000000003 0.07877664504170521
2.4000000000000004 0.07414272474513464
2.5 0.088044485634847
2.6 0.088044485634847
2.7 0.07414272474513432
2.8000000000000003 0.08341056533827611
2.9000000000000004 0.060240963855421895
3.0 0.07877664504170521
3.1 0.02780352177942537
3.2 0.09731232622798879
3.3000000000000003 0.07877664504170521
3.4000000000000004 0.046339202965709154
3.5 0.06487488415199254
3.6 0.10658016682113058
3.7 0.0926784059314179
3.8000000000000003 0.09731232622798879
3.9000000000000004 0.09731232622798922
4.0 0.10194624652455923
4.1000000000000005 0.09731232622798922
4.2 0.11584800741427288
4.3 0.09267840593141749
4.4 0.09731232622798922
4.5 0.09267840593141749
4.6000000000000005 0.09267840593141831
4.7 0.08341056533827573
4.800000000000001 0.11584800741427288
4.9 0.09731232622798922
5.0 0.10194624652455923
5.1000000000000005 0.11121408711770198
5.2 0.12048192771084273
5.300000000000001 0.09267840593141831
5.4 0.0880444856348474
5.5 0.08341056533827573
5.6000000000000005 0.11121408711770198
5.7 0.09731232622798837
5.800000000000001 0.09731232622798922
5.9 0.032437442075996414
6.0 0.08804448563484661
6.1000000000000005 0.05560704355885099
6.2 0.10194624652455923
6.300000000000001 0.11121408711770198
6.4 0.05560704355885099
6.5 0.06950880444856311
6.6000000000000005 0.06950880444856374
6.7 0.12511584800741363
6.800000000000001 0.08341056533827648
6.9 0.06487488415199283
7.0 0.06950880444856311
7.1000000000000005 0.04170528266913824
7.2 0.06024096385542137
7.300000000000001 0.06487488415199283
7.4 0.06950880444856374
7.5 0.05560704355885049
7.6000000000000005 0.060240963855421895
7.7 0.06950880444856311
7.800000000000001 0.07414272474513464
7.9 0.06950880444856374
8.0 0.05560704355885099
8.1 0.0695088044485625
8.200000000000001 0.07414272474513464
8.3 0.07877664504170556
8.4 0.0880444856348474
8.5 0.03707136237256732
8.6 0.06024096385542083
8.700000000000001 0.0880444856348474
8.8 0.060240963855421895
8.9 0.0880444856348474
9.0 0.06950880444856374
9.1 0.06024096385542083
9.200000000000001 0.06950880444856374
9.3 0.06487488415199283
9.4 0.09731232622798922
9.5 0.10658016682112917
9.600000000000001 0.07414272474513464
9.700000000000001 0.060240963855421895
9.8 0.06950880444856374
9.9 0.06487488415199283
10.0 0.055607043558849996
10.100000000000001 0.023169601482854577
10.200000000000001 0.04170528266913824
10.3 0.050973123262280075
10.4 0.046339202965709154
10.5 0.06024096385542083
10.600000000000001 0.027803521779425494
10.700000000000001 0.027803521779425494
10.8 0.03707136237256732
10.9 0.06950880444856374
11.0 0.03243744207599583
11.100000000000001 0.023169601482854577
11.200000000000001 0.05560704355885099
11.3 0.046339202965709154
11.4 0.05560704355885099
11.5 0.03707136237256666
11.600000000000001 0.027803521779425494
11.700000000000001 0.027803521779425494
11.8 0.013901760889712747
11.9 0.046339202965709154
12.0 0.023169601482854164
12.100000000000001 0.013901760889712747
12.200000000000001 0.027803521779425494
12.3 0.032437442075996414
12.4 0.027803521779425494
12.5 0.03243744207599583
12.600000000000001 0.032437442075996414
12.700000000000001 0.027803521779425494
12.8 0.01853568118628366
12.9 0.023169601482854577
13.0 0.027803521779424998
13.100000000000001 0.023169601482854577
13.200000000000001 0.027803521779425494
13.3 0.04170528266913824
13.4 0.027803521779425494
13.5 0.009267840593141665
13.600000000000001 0.013901760889712747
13.700000000000001 0.01853568118628366
13.8 0.013901760889712747
13.9 0.027803521779425494
14.0 0.009267840593141665
14.100000000000001 0.01853568118628366
14.200000000000001 0.01853568118628366
14.3 0.013901760889712747
14.4 0.00926784059314183
14.5 0.009267840593141665
14.600000000000001 0.0
14.700000000000001 0.00926784059314183
14.8 0.004633920296570915
14.9 0.00926784059314183
15.0 0.0
15.100000000000001 0.004633920296570915
15.200000000000001 0.004633920296570915
15.3 0.00926784059314183
15.4 0.004633920296570915
15.5 0.004633920296570833
15.600000000000001 0.004633920296570915
15.700000000000001 0.004633920296570915
15.8 0.004633920296570915
15.9 0.00926784059314183
16.0 0.004633920296570833
16.1 0.0046339202965709975
16.2 0.0
16.3 0.009267840593141665
16.400000000000002 0.009267840593141995
16.5 0.004633920296570833
16.6 0.0
16.7 0.004633920296570833
16.8 0.004633920296570833
16.900000000000002 0.0
17.0 0.0
17.1 0.009267840593141995
17.2 0.0
17.3 0.0
17.400000000000002 0.0
17.5 0.0
17.6 0.0
17.7 0.009267840593141665
17.8 0.0
17.900000000000002 0.0046339202965709975
18.0 0.0
18.1 0.0046339202965709975
18.2 0.0
18.3 0.0
18.400000000000002 0.0
18.5 0.004633920296570833
18.6 0.0
18.7 0.0
18.8 0.0
18.900000000000002 0.0046339202965709975
19.0 0.0
19.1 0.0
19.200000000000003 0.0
19.3 0.0
19.400000000000002 0.0
19.5 0.0
19.6 0.0
19.700000000000003 0.0046339202965709975
19.8 0.0
19.900000000000002 0.0
20.0 0.0
20.1 0.0
20.200000000000003 0.0
20.3 0.0
20.400000000000002 0.0
20.5 0.0
20.6 0.0
20.700000000000003 0.0
20.8 0.0
20.900000000000002 0.0
21.0 0.0
21.1 0.0
21.200000000000003 0.0
21.3 0.0
21.400000000000002 0.0
21.5 0.0
21.6 0.0
21.700000000000003 0.0
21.8 0.0
21.900000000000002 0.0
22.0 0.0
22.1 0.0
22.200000000000003 0.0
22.3 0.0
22.400000000000002 0.0
22.5 0.004633920296570833
22.6 0.0
22.700000000000003 0.0
22.8 0.0
22.900000000000002 0.0
23.0 0.0
23.1 0.0
23.200000000000003 0.0
23.3 0.004633920296570833
23.400000000000002 0.0
23.5 0.0
23.6 0.0
23.700000000000003 0.0
23.8 0.0
23.900000000000002 0.0
