0.0 0.0
0.1 0.0
0.2 0.0
0.30000000000000004 0.0
0.4 0.0
0.5 0.0
0.6000000000000001 0.005789717461787866
0.7000000000000001 0.02200092635479389
0.8 0.05789717461787866
0.9 0.13200555812876336
1.0 0.18874478925428423
1.1 0.2269569245020841
1.2000000000000002 0.27443260768874517
1.3 0.2559055118110234
1.4000000000000001 0.2512737378415936
1.5 0.22348309402501138
1.6 0.20495599814729024
1.7000000000000002 0.18411301528485433
1.8 0.15748031496062978
1.9000000000000001 0.14358499305233924
2.0 0.1389532190829086
2.1 0.1238999536822602
2.2 0.12621584066697536
2.3000000000000003 0.10768874478925419
2.4000000000000004 0.10421491431218194
2.5 0.11926817971282991
2.6 0.09958314034275118
2.7 0.10189902732746632
2.8000000000000003 0.13432144511347832
2.9000000000000004 0.10884668828161224
3.0 0.11463640574339962
3.1 0.12505789717461777
3.2 0.13084761463640565
3.3000000000000003 0.13200555812876322
3.4000000000000004 0.14358499305233954
3.5 0.10653080129689661
3.6 0.10653080129689661
3.7 0.12158406669754505
3.8000000000000003 0.13200555812876322
3.9000000000000004 0.12853172765169105
4.0 0.12389995368225964
4.1000000000000005 0.120426123205188
4.2 0.1366373320981941
4.3 0.11232051875868398
4.4 0.11579434923575771
4.5 0.1320055581287626
4.6000000000000005 0.13316350162112137
4.7 0.1320055581287626
4.800000000000001 0.11926817971283044
4.9 0.1308476146364062
5.0 0.11579434923575668
5.1000000000000005 0.1262158406669759
5.2 0.12274201018990208
5.300000000000001 0.09842519685039405
5.4 0.12274201018990318
5.5 0.09263547938860535
5.6000000000000005 0.09031959240389101
5.7 0.10537285780453857
5.800000000000001 0.10189902732746679
5.9 0.11579434923575771
6.0 0.08568781843445994
6.1000000000000005 0.0660027790643819
6.2 0.08916164891153264
6.300000000000001 0.06137100509495159
6.4 0.06831866604909705
6.5 0.06716072255673887
6.6000000000000005 0.06137100509495159
6.7 0.06831866604909644
6.800000000000001 0.07526632700324251
6.9 0.0660027790643819
7.0 0.0660027790643813
7.1000000000000005 0.046317739694303084
7.2 0.06021306160259348
7.300000000000001 0.0660027790643819
7.4 0.05442334414080612
7.5 0.048633626679017807
7.6000000000000005 0.047475683186660664
7.7 0.05905511811023591
7.800000000000001 0.050949513663733396
7.9 0.04863362667901824
8.0 0.05673923112552128
8.1 0.0532654006484476
8.200000000000001 0.05442334414080612
8.3 0.035896248263084886
8.4 0.047475683186660664
8.5 0.05326540064844855
8.6 0.035896248263084254
8.700000000000001 0.03473830477072731
8.8 0.04284390921723035
8.9 0.038212135247800046
9.0 0.04284390921723035
9.1 0.03126447429365403
9.200000000000001 0.025474756831866698
9.3 0.02779064381658185
9.4 0.04168596572487278
9.5 0.025474756831866244
9.600000000000001 0.02779064381658185
9.700000000000001 0.04863362667901824
9.8 0.022000926354793966
9.9 0.03358036127836973
10.0 0.03126447429365403
10.100000000000001 0.030106530801297
10.200000000000001 0.03473830477072731
10.3 0.03242241778601216
10.4 0.026632700324224275
10.5 0.03358036127836914
10.600000000000001 0.023158869847151542
10.700000000000001 0.03242241778601216
10.8 0.02431681333950912
10.9 0.026632700324224275
11.0 0.032422417786011584
11.100000000000001 0.02084298286243639
11.200000000000001 0.025474756831866698
11.3 0.023158869847151542
11.4 0.02084298286243639
11.5 0.01968503937007846
11.600000000000001 0.02431681333950912
11.700000000000001 0.01621120889300608
11.8 0.012737378415933349
11.9 0.0150532654006485
12.0 0.024316813339508685
12.100000000000001 0.022000926354793966
12.200000000000001 0.0150532654006485
12.3 0.01968503937007881
12.4 0.010421491431218195
12.5 0.013895321908290677
12.600000000000001 0.02084298286243639
12.700000000000001 0.01621120889300608
12.8 0.012737378415933349
12.9 0.012737378415933349
13.0 0.017369152385363348
13.100000000000001 0.00810560444650304
13.200000000000001 0.006947660954145463
13.3 0.00810560444650304
13.4 0.004631773969430308
13.5 0.010421491431218009
13.600000000000001 0.011579434923575771
13.700000000000001 0.0034738304770727314
13.8 0.0057897174617878855
13.9 0.006947660954145463
14.0 0.0034738304770726694
14.100000000000001 0.0034738304770727314
14.200000000000001 0.010421491431218195
14.3 0.00810560444650304
14.4 0.006947660954145463
14.5 0.002315886984715113
14.600000000000001 0.0034738304770727314
14.700000000000001 0.004631773969430308
14.8 0.00810560444650304
14.9 0.0034738304770727314
15.0 0.005789717461787782
15.100000000000001 0.002315886984715154
15.200000000000001 0.002315886984715154
15.3 0.009263547938860616
15.4 0.0034738304770727314
15.5 0.0011579434923575565
15.600000000000001 0.004631773969430308
15.700000000000001 0.004631773969430308
15.8 0.001157943492357577
15.9 0.0
16.0 0.0011579434923575565
16.1 0.0011579434923575977
16.2 0.002315886984715113
16.3 0.0011579434923575565
16.400000000000002 0.0
16.5 0.002315886984715113
16.6 0.0011579434923575977
16.7 0.002315886984715113
16.8 0.0011579434923575565
16.900000000000002 0.0011579434923575977
17.0 0.0
17.1 0.0
17.2 0.0034738304770726694
17.3 0.002315886984715113
17.400000000000002 0.0011579434923575977
17.5 0.0011579434923575565
17.6 0.0
17.7 0.002315886984715113
17.8 0.0
17.900000000000002 0.0
18.0 0.0
18.1 0.0
18.2 0.0
18.3 0.0
18.400000000000002 0.0
18.5 0.0
18.6 0.003473830477072793
18.7 0.0011579434923575565
18.8 0.0
18.900000000000002 0.0
19.0 0.0011579434923575565
19.1 0.0
19.200000000000003 0.0
19.3 0.0
19.400000000000002 0.0
19.5 0.0
19.6 0.002315886984715113
19.700000000000003 0.0011579434923575977
19.8 0.0
19.900000000000002 0.0
20.0 0.0
20.1 0.0
20.200000000000003 0.0
20.3 0.0011579434923575565
20.400000000000002 0.0
20.5 0.0
20.6 0.0
20.700000000000003 0.0
20.8 0.0
20.900000000000002 0.0
21.0 0.0
21.1 0.0
21.200000000000003 0.0
21.3 0.0
21.400000000000002 0.0
21.5 0.0
21.6 0.0
21.700000000000003 0.0
21.8 0.0
21.900000000000002 0.0
22.0 0.0
22.1 0.0
22.200000000000003 0.0
22.3 0.0
22.400000000000002 0.0
22.5 0.0
22.6 0.0
22.700000000000003 0.0
22.8 0.0
22.900000000000002 0.0
23.0 0.0
23.1 0.0
23.200000000000003 0.0
23.3 0.0
23.400000000000002 0.0
23.5 0.0
23.6 0.0
23.700000000000003 0.0
23.8 0.0
23.900000000000002 0.0
