0.0802 23.339127750004973
0.1602 14.286561795256455
0.2402 12.256404332879065
0.3202 8.143641875236172
0.4002 4.866399897763152
0.4802 4.864187362697198
0.5602 5.295689208402273
0.6402 4.450273802962828
0.7202 6.610161671086146
0.8002 9.188585024921341
0.8802 9.575181287927162
0.9602 9.50978090169736
1.0402 8.976493000920122
1.1202 6.817985036725255
1.2002 6.578023708716608
1.2802 7.446093684912514
1.3602 4.360901627744617
1.4402 3.347198626403214
1.5202 4.488137531661811
1.6002 4.254635965821552
1.6802 2.889307513248235
1.7602 3.0926335119319535
1.8402 6.039454663358969
1.9202 3.6647686441481495
2.0002 2.6365844709479687
2.0802 2.9263136183749143
2.1602 4.534584245217841
2.2402 2.2773772070371425
2.3202 2.8649778667009964
2.4002 2.1252774063195288
2.4802 2.8117755451361863
2.5602 3.9080709522665384
2.6402 3.6493040469062477
2.7202 9.646125198456131
2.8002 6.756464090319277
2.8802 2.590211963452772
2.9602 6.8788936022829406
3.0402 4.038078348047064
3.1202 4.908542290536797
3.2002 4.656823570973581
3.2802 8.662857326975711
3.3602 6.070051170627185
3.4402 11.628724784891059
3.5202 8.037802553772199
3.6002 6.769762658418455
3.6802 4.090933727001851
3.7602 3.9883593912368007
3.8402 9.406233478722957
3.9202 8.79595867340834
4.0002 9.233504411571884
4.0802 7.449224958504233
4.1602 6.262913149642335
4.2402 8.754166579178278
4.3202 11.318957525756147
4.4002 14.933542597486518
4.4802 13.017815370691817
4.5602 11.413911094451425
4.6402 6.219221811232898
4.7202 3.2967335950233387
4.8002 4.630537507990917
4.8802 8.386475616261084
4.9602 10.862413283682436
5.0402 6.007967082520557
5.1202 9.50380123976945
5.2002 12.762148102334349
5.2802 15.929478512811906
5.3602 16.03874238572981
5.4402 8.154220210218165
5.5202 8.091566529671825
5.6002 10.627475307998699
5.6802 7.571889321049479
5.7602 9.975132066000157
5.8402 9.840460129728152
5.9202 9.194889265605081
6.0002 10.753660492798176
6.0802 12.968739767198846
6.1602 11.289123966805988
6.2402 8.390703039965327
6.3202 11.393457074536453
6.4002 11.595089483971575
6.4802 13.61592325233731
6.5602 13.61298606834753
6.6402 10.453436999610311
6.7202 10.348523235011324
6.8002 13.584191983582325
6.8802 14.767960918646732
6.9602 5.7776538348490645
7.0402 5.867337818967381
7.1202 6.03103679161206
7.2002 10.017778156795758
7.2802 8.991830152523372
7.3602 3.713703867299657
7.4402 5.410489299032863
7.5202 6.891451908011015
7.6002 5.715862875299497
7.6802 6.2438822103195
7.7602 6.323016712499373
7.8402 4.680652642479207
7.9202 5.37222451064877
8.0002 4.648685758507546
8.0802 5.724134412100889
8.1602 5.357933155159585
8.2402 7.378271369423826
8.3202 7.663495927950165
8.4002 5.879387329889762
8.4802 6.9993558732569605
8.5602 8.714644145996882
8.6402 10.982413179461554
8.7202 5.726098206928617
8.8002 9.559372432756943
8.8802 8.69089737635283
8.9602 11.144105958752025
9.0402 9.325873735368145
9.1202 6.251456095355217
9.2002 7.811099846753581
9.2802 8.363495154393387
9.3602 16.79417161317016
9.4402 14.155845752803861
9.5202 12.947321270898314
9.6002 14.222452287065959
9.6802 9.185722492054806
9.7602 11.863664839443969
9.8402 9.640093568555189
9.9202 8.16137550523027
10.0002 7.980493834662713
10.0802 6.951995357365388
10.1602 9.055228058889718
10.2402 5.477261633616676
10.3202 11.79835314070579
10.4002 9.07202882155597
10.4802 7.351579825802381
10.5602 10.541440783499993
10.6402 9.35279146772752
10.7202 8.668608539395052
10.8002 5.89278666631703
10.8802 11.964838948905157
10.9602 12.521441200388406
11.0402 4.035987908143397
11.1202 5.741533035102628
11.2002 4.232641465693501
11.2802 3.832492011904949
11.3602 11.93704063205077
11.4402 11.169138181010638
11.5202 9.483599883144397
11.6002 7.302609120229469
11.6802 5.122072058915423
11.7602 7.746130523473393
11.8402 11.654581752347445
11.9202 8.46299589956184
12.0002 4.926063814436756
12.0802 3.9193329866456184
12.1602 2.7369989400348986
12.2402 5.304831581692664
12.3202 5.648763017624287
12.4002 4.492134153084369
12.4802 5.662062145386113
12.5602 4.816655850062697
12.6402 2.8172801525122413
12.7202 4.226003047785821
12.8002 4.615493193574572
12.8802 3.871699272291116
12.9602 8.436666957917724
13.0402 9.041373585055787
13.1202 9.29584881648981
13.2002 15.620190584240602
13.2802 18.965805443048595
13.3602 8.489785332891557
13.4402 12.237021241530371
13.5202 14.14218672589217
13.6002 6.783290999772385
13.6802 8.751126803514628
13.7602 9.716178990362275
13.8402 13.360299712667095
13.9202 11.20800717887469
14.0002 5.711812517805806
14.0802 4.633969957328159
14.1602 8.138010844495236
14.2402 10.229254464582997
14.3202 8.002070336532737
14.4002 8.29831236515413
14.4802 7.884147644502238
14.5602 4.436593316048109
14.6402 4.706784666223999
14.7202 5.74363649973716
14.8002 8.12727983134218
14.8802 9.67134518269749
14.9602 9.748219290383817
15.0402 7.044605958965167
15.1202 7.64927360243077
15.2002 13.420751938624475
15.2802 16.889939701777813
15.3602 18.547145798649645
15.4402 13.92435824271013
15.5202 14.076831140597012
15.6002 12.330846738938622
15.6802 12.229867913632926
15.7602 7.9926459535751455
15.8402 11.211275588863188
15.9202 5.431053731374247
16.0002 4.855428597201062
16.0802 9.522927184320974
16.1602 8.680753056297235
16.2402 5.1200372044112274
16.3202 8.252713959847242
16.4002 9.505454911198218
16.4802 8.806706354391395
16.5602 6.261130737299783
16.6402 4.583839275485241
16.7202 6.304546110889252
16.8002 5.417836774230456
16.8802 3.708063425058321
16.9602 5.3780596742065665
17.0402 5.714648696046467
17.1202 5.62779621806619
17.2002 6.304586686621582
17.2802 5.583408162392985
17.3602 3.625063932896506
17.4402 6.776966254704546
17.5202 10.24441069223379
17.6002 10.579867621296707
17.6802 5.303123521264655
17.7602 6.301237880937999
17.8402 5.26502958428872
17.9202 7.2929312140364795
18.0002 6.228706913333769
18.0802 9.81475038642195
18.1602 9.106255517516962
18.2402 10.930854103812894
18.3202 6.63716150203249
18.4002 3.4823987638076264
18.4802 2.7165313928498867
18.5602 4.20093874573447
18.6402 3.902551850760141
18.7202 4.243268210639191
18.8002 5.126043231562348
18.8802 3.9820534342964824
18.9602 3.9055982478810902
19.0402 6.1699115976804295
19.1202 5.2807344861248495
19.2002 5.135739033400815
19.2802 2.976612487601095
19.3602 1.8522556170529632
19.4402 3.632582243544744
19.5202 3.3790110020410555
19.6002 7.033566468049163
19.6802 2.3818134114494676
19.7602 7.0030054949560885
19.8402 4.0185095661108905
19.9202 7.41962982432376
20.0002 3.852816568763518
20.0802 3.6129428402853785
20.1602 6.897396464126602
20.2402 3.2367542252165165
20.3202 9.684764163917254
20.4002 6.296442185240365
20.4802 11.278904520518171
20.5602 8.526905353534632
20.6402 3.9980205878194313
20.7202 3.0509741641237498
20.8002 7.596853149580111
20.8802 2.02495041898526
20.9602 6.567623819543159
21.0402 10.076769138870034
21.1202 5.657019507032964
21.2002 4.288489365894448
21.2802 4.521602162787666
21.3602 5.016379155224955
21.4402 6.177004045743155
21.5202 9.750539071580219
21.6002 10.36050753576062
21.6802 9.61061210113632
21.7602 14.150960573183324
21.8402 14.352651864334176
21.9202 14.247183459042578
22.0002 9.435334737739453
22.0802 13.340447960051746
22.1602 8.948341878012494
22.2402 12.80944572691441
22.3202 11.237878616094433
22.4002 13.001543580832523
22.4802 11.144167281042847
22.5602 9.166524098203727
22.6402 11.926554926160808
22.7202 8.939422764870391
22.8002 10.625300732131965
22.8802 10.403327336663224
22.9602 7.09788187576481
23.0402 6.41983655919237
23.1202 6.361981613257135
23.2002 7.692281186003263
23.2802 10.880349304204623
23.3602 10.186664988173638
23.4402 7.1293268772801905
23.5202 10.01009660689085
23.6002 13.962289195144699
23.6802 14.497554491629426
23.7602 10.688667227086084
23.8402 8.603405055456301
23.9202 13.154249399127698
24.0002 9.898853277377373
24.0802 8.318977140784
24.1602 7.3683746136037875
24.2402 9.194043248648509
24.3202 12.57924634570012
24.4002 8.567718427107883
24.4802 12.63999784463789
24.5602 10.283955003959052
24.6402 14.546007279221056
24.7202 16.45696426957225
24.8002 8.263668119266121
24.8802 5.411986088512262
24.9602 4.89214042310093
25.0402 10.292417376447538
25.1202 13.4493579106955
25.2002 10.84469641777442
25.2802 11.379997727523216
25.3602 9.956788048370823
25.4402 8.795612983224185
25.5202 14.274371042837007
25.6002 12.59040909728454
25.6802 9.631983377299084
25.7602 11.373726271046822
25.8402 13.893549302240892
25.9202 17.101386605886425
26.0002 12.58207961585153
26.0802 8.122427856557556
26.1602 6.302052945826048
26.2402 4.816054830598148
26.3202 6.453625931631838
26.4002 8.077599153045764
26.4802 6.516635798566623
26.5602 4.029095076953027
26.6402 4.883943999525862
26.7202 4.2851016131990916
26.8002 4.533461171435648
26.8802 4.853654738256633
26.9602 5.669307244647796
27.0402 6.532714661242098
27.1202 9.390976342375236
27.2002 3.5251280494986723
27.2802 5.438797260760549
27.3602 3.6844458270319658
27.4402 6.461051915380305
27.5202 5.835594505534628
27.6002 3.7967925736436055
27.6802 4.162767726944258
27.7602 4.881459836502463
27.8402 5.768277714577834
27.9202 4.456155971100989
28.0002 2.5196419599582724
28.0802 4.714736780128879
28.1602 2.401010969536533
28.2402 3.5273886978528375
28.3202 5.630335887104072
28.4002 4.662045181184356
28.4802 5.155896996777353
28.5602 4.74630270343095
28.6402 2.716103198570926
28.7202 2.146998537571862
28.8002 4.761590656258302
28.8802 8.088205701354248
28.9602 6.8830656246234545
29.0402 5.8962716108507065
29.1202 5.184331216854745
29.2002 3.784078207195628
29.2802 6.390027121794812
29.3602 5.2971800994228975
29.4402 4.257559729593696
29.5202 3.746073260006228
29.6002 6.037305963237464
29.6802 5.287169774141139
29.7602 4.508567263020207
29.8402 3.6933865671757156
29.9202 4.037173628020454
30.0002 2.8009654694179233
30.0802 2.7550616404867836
30.1602 2.695066575928222
30.2402 2.9051405176159646
30.3202 3.7483300701074653
30.4002 3.019840159060869
30.4802 5.393597634263225
30.5602 5.010990431991373
30.6402 4.11502977222283
30.7202 4.296243725780161
30.8002 4.862016337345761
30.8802 4.012766851771517
30.9602 4.159301987874047
31.0402 6.381507220985225
31.1202 3.6983995359780075
31.2002 8.03341541851669
31.2802 9.328868090033124
31.3602 8.260683894613694
31.4402 8.954063672378567
31.5202 6.798203323400487
31.6002 6.791910742248105
31.6802 5.142483109574728
31.7602 6.061252367466624
31.8402 4.405837241259409
31.9202 6.8483230171480205
32.0002 10.846872748080704
32.0802 13.243160519280918
32.1602 15.84651661574426
32.2402 11.473106174829942
32.3202 10.52079485611465
32.4002 10.418871443992577
32.4802 11.295058156011054
32.5602 8.02104537919733
32.6402 9.668351629301286
32.7202 6.386889100399044
32.8002 6.962262047233678
32.8802 5.255400402680965
32.9602 5.761135919440685
33.0402 4.767479727579939
33.1202 10.857346228941589
33.2002 13.924299977722876
33.2802 13.757193338011941
33.3602 7.861870053103399
33.4402 8.09262772432085
33.5202 8.49692368595226
33.6002 5.393524664985511
33.6802 5.251017034479242
33.7602 5.0252137576428195
33.8402 5.1123418301214745
33.9202 3.480757294227062
34.0002 3.6936580561621937
34.0802 6.041561671720589
34.1602 4.892175016558684
34.2402 6.694531349326329
34.3202 5.349326738651556
34.4002 6.669369686261751
34.4802 6.726973100837334
34.5602 9.604729341515801
34.6402 6.2763381516436905
34.7202 4.268747118743088
34.8002 4.512617725578832
34.8802 4.134503310850081
34.9602 5.1973344614916686
35.0402 6.705234596404291
35.1202 8.595670995727724
35.2002 6.391832446142289
35.2802 9.522649565079044
35.3602 10.03323385096027
35.4402 10.019844519624687
35.5202 8.823134961083927
35.6002 7.5914942960768546
35.6802 8.732447755237656
35.7602 7.154587030423613
35.8402 4.023662697999888
35.9202 11.932285798543086
36.0002 13.346367860896176
36.0802 8.93596957158781
36.1602 11.071943893188815
36.2402 10.594122367104156
36.3202 9.014982428638442
36.4002 9.53028156891212
36.4802 4.869162984298913
36.5602 6.386239531591935
36.6402 4.443055334849565
36.7202 3.722540223590302
36.8002 4.172370287171995
36.8802 6.5214786063564105
36.9602 8.201203773811448
37.0402 9.234753748907838
37.1202 4.912436598156562
37.2002 5.045303854731235
37.2802 6.5627208650520545
37.3602 5.329638280860624
37.4402 5.861438706619829
37.5202 7.959513084161421
37.6002 5.240983750991441
37.6802 4.8334203786617
37.7602 4.9420516510010035
37.8402 6.1375878051460795
37.9202 4.4799149178270685
38.0002 5.583977525064644
38.0802 7.349685527447749
38.1602 6.1263104657410485
38.2402 5.375009024868582
38.3202 5.635068045821425
38.4002 5.2491134410694
38.4802 4.984833108201624
38.5602 3.6564708829510852
38.6402 4.561558772312759
38.7202 5.898366207761901
38.8002 6.927609040771503
38.8802 3.5772346343916634
38.9602 3.833356809104462
39.0402 7.022522884066659
39.1202 7.510070029941623
39.2002 9.571735925275643
39.2802 7.923054417684661
39.3602 7.015924668558233
39.4402 6.9646039325893
39.5202 4.432077542574415
39.6002 4.897153091736794
39.6802 8.023636048737773
39.7602 6.536735797190457
39.8402 6.483702690863243
39.9202 9.24160364587982
40.0002 9.055318938470087
40.0802 5.797915767637574
40.1602 7.2159388499085955
40.2402 7.9318172885440035
40.3202 8.417328324240655
40.4002 8.96696396413887
40.4802 4.281684053318128
40.5602 4.343052187197168
40.6402 9.587576277644809
40.7202 8.412452801841948
40.8002 9.489378450711346
40.8802 7.812460622439144
40.9602 10.936208094070825
41.0402 8.68118922200374
41.1202 9.59140702004222
41.2002 8.463637673592006
41.2802 13.954962814632474
41.3602 15.345490216968967
41.4402 9.868625791138998
41.5202 13.00628374745196
41.6002 14.95918006880144
41.6802 14.388378890006118
41.7602 12.591533805749323
41.8402 9.208076937951652
41.9202 8.369762908190104
42.0002 10.154516337246466
42.0802 8.607593378701777
42.1602 7.555275991034165
42.2402 6.061848153566642
42.3202 3.8170956661707645
42.4002 6.680403942200787
42.4802 4.098221942415492
42.5602 13.310584804207677
42.6402 13.155208978196354
42.7202 6.226340736167182
42.8002 5.835080155879939
42.8802 9.87390862545263
42.9602 11.399297385938155
43.0402 12.306469084931312
43.1202 8.135391939084819
43.2002 6.394157190035847
43.2802 8.871395167027668
43.3602 6.172093151248745
43.4402 4.585122743420009
43.5202 7.396792057512838
43.6002 5.568587280171871
43.6802 2.3692627223231097
43.7602 2.2843974677460297
43.8402 7.888411553355644
43.9202 8.970038616497844
44.0002 2.3710973106466326
44.0802 8.727407762050177
44.1602 9.360762787223104
44.2402 8.244284750134193
44.3202 9.667551414275948
44.4002 9.325632714421756
44.4802 9.686848380019807
44.5602 7.716829850053143
44.6402 8.141475178989358
44.7202 8.75994109871935
44.8002 10.627587071758077
44.8802 4.773025225130692
44.9602 11.04832002485539
45.0402 9.490561116242999
45.1202 7.061098378344825
45.2002 7.654067809866237
45.2802 6.453079053681372
45.3602 5.011689388168343
45.4402 6.476686535729603
45.5202 5.436616201216219
45.6002 9.716285264178563
45.6802 6.76405528809424
45.7602 12.927861015866466
45.8402 9.17428199478816
45.9202 5.307916534481268
46.0002 3.3357006169193326
46.0802 3.504022389290122
46.1602 2.7763475969254436
46.2402 3.0154198985643124
46.3202 8.118997167236822
46.4002 7.735680106277047
46.4802 4.5979581488114185
46.5602 8.285598325978183
46.6402 11.506691191935998
46.7202 9.514401748125719
46.8002 8.342832595982324
46.8802 9.29627100338797
46.9602 6.915065080987613
47.0402 5.868558742351298
47.1202 3.2876901351876024
47.2002 4.067077943019711
47.2802 5.013304663091149
47.3602 5.257491232841715
47.4402 3.260459827463343
47.5202 2.5067088268293287
47.6002 2.8160154635788124
47.6802 7.498442652236441
47.7602 6.04669762339491
47.8402 8.423619775279429
47.9202 9.156446870061208
48.0002 10.96269872892165
48.0802 9.059000170205106
48.1602 8.372739260519603
48.2402 9.46719709182436
48.3202 9.284249818487769
48.4002 7.484544612363499
48.4802 9.384405611167594
48.5602 6.858990876622317
48.6402 5.282631282794418
48.7202 11.574604970464557
48.8002 8.318070738185229
48.8802 7.188730912861842
48.9602 6.2421325327755275
49.0402 5.167338388008706
49.1202 5.578256833231601
49.2002 3.477969991721207
49.2802 5.153620870144561
49.3602 5.751060836641474
49.4402 4.621871729815465
49.5202 8.277558994427157
49.6002 8.377053340189374
49.6802 4.730424405708194
49.7602 4.467372359758983
49.8402 7.959576576234087
49.9202 3.8976840925715237
50.0002 7.091022020024666
50.0802 5.731985470875032
50.1602 4.198239092936515
50.2402 3.5409756149877585
50.3202 4.902904903418356
50.4002 4.797829825536108
50.4802 7.66925631258513
50.5602 7.497397331803645
50.6402 10.399152983798386
50.7202 8.378116155714801
50.8002 10.75916383295871
50.8802 6.855032728422348
50.9602 3.431636077180275
51.0402 10.773839747882947
51.1202 10.036721958395455
51.2002 5.082564452134068
51.2802 9.460869422002405
51.3602 9.312235663660315
51.4402 11.487824134509744
51.5202 7.166566845116704
51.6002 6.279233887102525
51.6802 9.479596400497527
51.7602 5.628824440798198
51.8402 8.881909321163494
51.9202 7.777876647395944
52.0002 7.20185307071242
52.0802 6.614797439404803
52.1602 9.434792851926225
52.2402 5.168394612116776
52.3202 5.662776010278544
52.4002 4.16309558155824
52.4802 6.608215400123386
52.5602 7.267696925762401
52.6402 9.470763111395257
52.7202 12.394871128831555
52.8002 13.764307914731813
52.8802 8.3290299638402
52.9602 8.182005533680938
53.0402 5.744310116402363
53.1202 7.544479190098352
53.2002 9.723561236492733
53.2802 9.949980960138921
53.3602 9.500844695841085
53.4402 6.767227177771936
53.5202 10.582140162568074
53.6002 13.768638429438557
53.6802 9.89057185225671
53.7602 3.8227636031785277
53.8402 9.593627218121926
53.9202 5.678858568464082
54.0002 6.962453644467998
54.0802 6.426006411998112
54.1602 5.535479548477629
54.2402 3.0077500050691213
54.3202 3.31888296406556
54.4002 6.026196644529511
54.4802 5.280495382580185
54.5602 5.045336591946843
54.6402 12.346986652082009
54.7202 11.332687654350273
54.8002 12.847082483531432
54.8802 8.786286322183035
54.9602 4.699734519747541
55.0402 9.65508993608423
55.1202 9.61237255429022
55.2002 11.95704643224624
55.2802 5.4105451604113375
55.3602 5.944995451315627
55.4402 5.575707257812817
55.5202 4.42429609468072
55.6002 7.077583546869464
55.6802 7.8339266109935615
55.7602 4.637009347713245
55.8402 8.20878161548057
55.9202 9.865545683486024
56.0002 7.919902609013747
56.0802 4.014963244499289
56.1602 4.654464362508236
56.2402 2.900208986301783
56.3202 2.6674605341703588
56.4002 6.565607481081909
56.4802 7.886944924799301
56.5602 11.498588724263616
56.6402 7.592542160563379
56.7202 4.431925861591482
56.8002 6.865651482059459
56.8802 7.234935867248584
56.9602 4.924965109980352
57.0402 11.418059925623027
57.1202 10.329003331024461
57.2002 7.8594548193764995
57.2802 9.048662233482931
57.3602 6.753786582713804
57.4402 5.157663924595166
57.5202 6.926424349047454
57.6002 7.630511133064126
57.6802 6.772298289949507
57.7602 4.518200418368995
57.8402 3.3873550799198737
57.9202 4.0854708905978425
58.0002 15.210169242535379
58.0802 13.46639714673388
58.1602 8.722610676751508
58.2402 9.023695014841795
58.3202 9.580862422191826
58.4002 7.075123551913026
58.4802 9.708031455844452
58.5602 9.785669065234236
58.6402 9.52171673838089
58.7202 6.191237573219619
58.8002 4.1751622716770855
58.8802 2.41344926554408
58.9602 8.64007860611882
59.0402 4.612321743325296
59.1202 9.760278713083556
59.2002 8.249794357059535
59.2802 10.181881769233524
59.3602 10.470875002159705
59.4402 10.344374887822672
59.5202 9.72415808457255
59.6002 7.233007048552342
59.6802 6.8037461980595015
59.7602 8.381654664170048
59.8402 9.78874337401947
59.9202 8.778487033017267
60.0002 10.207560042488323
60.0802 13.920330774367502
60.1602 4.035001253807633
60.2402 14.829671152158141
60.3202 12.35506402222288
60.4002 15.329970147867378
60.4802 16.394838148342924
60.5602 7.396620133463041
60.6402 7.051778172170198
60.7202 8.530541986178008
60.8002 10.302938649672972
60.8802 10.45117569109215
60.9602 9.664249963780813
61.0402 3.890208250640698
61.1202 9.179051305067318
61.2002 7.7343445764330605
61.2802 9.799202263870583
61.3602 5.138873997177219
61.4402 8.812970119708535
61.5202 9.532788113279494
61.6002 11.055982750613815
61.6802 9.291192927890014
61.7602 10.17958001244043
61.8402 11.629738313579654
61.9202 9.21614302513196
62.0002 5.07593305341767
62.0802 9.077218376930443
62.1602 9.474792105245292
62.2402 9.94478860440222
62.3202 11.715527857150938
62.4002 13.002419268474217
62.4802 8.810219443470771
62.5602 5.030497610779568
62.6402 9.006960737193001
62.7202 12.009648656673848
62.8002 11.38474931988522
62.8802 7.383719666335544
62.9602 7.681193576885053
63.0402 6.495496818857987
63.1202 8.563337980137801
63.2002 13.254242579285402
63.2802 16.45999714165209
63.3602 9.540190492867106
63.4402 7.218290435752351
63.5202 5.068968066611486
63.6002 8.991837349429137
63.6802 12.032331741113993
63.7602 12.608444405955888
63.8402 7.412471371229572
63.9202 5.14455405585685
64.0002 9.014567996099215
64.0802 4.815444246049784
64.1602 6.002856861184626
64.2402 10.270989488119326
64.3202 11.228795860951339
64.4002 8.839981192224766
64.4802 6.779174772342748
64.5602 6.884495052357202
64.6402 8.177892759809486
64.7202 8.129493214537534
64.8002 6.227041817548161
64.8802 7.931723993106241
64.9602 12.528225139430146
65.0402 9.429082179697726
65.1202 8.269832911129988
65.2002 8.6720825328354
65.2802 7.561889252378322
65.3602 10.492239135926301
65.4402 8.440286166108153
65.5202 9.444238046181422
65.6002 10.396201425394306
65.6802 8.159608497745205
65.7602 11.39973261910306
65.8402 8.626973924193189
65.9202 3.238281324101115
66.0002 8.724549217547386
66.0802 9.529892123656067
66.1602 6.184924730220829
66.2402 10.52154606132498
66.3202 11.522913950471386
66.4002 10.911222905383344
66.4802 9.970887097192334
66.5602 10.027844600666116
66.6402 9.819233678155136
66.7202 8.67879746276878
66.8002 8.045272205978835
66.8802 9.368094007079653
66.9602 5.277085473532246
67.0402 3.640228040134739
67.1202 5.126139543051205
67.2002 3.670073046678444
67.2802 5.086678087226785
67.3602 4.7904480894051
67.4402 3.983229355611282
67.5202 3.207532753164028
67.6002 2.155983773857006
67.6802 1.6510327546203338
67.7602 1.9876833116851929
67.8402 2.394466362708998
67.9202 6.1603919140301615
68.0002 5.23862315619497
68.0802 5.8056080530326275
68.1602 4.6295561505213
68.2402 4.200890010729812
68.3202 4.503781532355654
68.4002 2.628439420079484
68.4802 3.8615948605971577
68.5602 4.110250576653488
68.6402 4.4838564249967385
68.7202 2.525860214108608
68.8002 2.679851614593532
68.8802 3.0265434003584386
68.9602 4.390536933231292
69.0402 5.031285725568709
69.1202 3.8739761738692686
69.2002 4.173954283932759
69.2802 4.001447841821041
69.3602 4.4739398986413
69.4402 3.3256487440973133
69.5202 3.2201864859363756
69.6002 4.930109996911452
69.6802 2.4254988628163923
69.7602 2.1440648674540896
69.8402 3.637979727305097
69.9202 4.6874733715229455
70.0002 4.783401501944359
70.0802 4.110096014293635
70.1602 4.399235649478007
70.2402 5.671134072916047
70.3202 5.856913015233411
70.4002 5.996817189507867
70.4802 5.3963800117866505
70.5602 4.539828277964757
70.6402 3.373775878261554
70.7202 2.5206229366410535
70.8002 4.105316652669955
70.8802 3.5640274273919625
70.9602 4.73910609786277
71.0402 6.521603296414543
71.1202 5.91233543889488
71.2002 5.194673469724108
71.2802 4.088358663134078
71.3602 2.35655398989491
71.4402 3.308119866903556
71.5202 3.7775439898936236
71.6002 3.2138358121194215
71.6802 3.2371117292737432
71.7602 3.9580670049974107
71.8402 4.025424484076437
71.9202 5.02042667321066
72.0002 3.9832475997826617
72.0802 5.727080345491651
72.1602 4.936357086099648
72.2402 3.239855339023294
72.3202 3.3015500795034
72.4002 6.3791289016756245
72.4802 4.555237378951641
72.5602 4.14035192475728
72.6402 3.7286566253157822
72.7202 3.684068966248968
72.8002 4.840182625040487
72.8802 5.261730337627349
72.9602 5.093571683450627
73.0402 4.018694251979431
73.1202 5.853443254053875
73.2002 3.980677894660222
73.2802 5.476728421032305
73.3602 7.855796007570113
73.4402 6.378308304037968
73.5202 10.472897733269809
73.6002 10.958551057610721
73.6802 4.373379608464357
73.7602 4.857639775607343
73.8402 11.551014257382006
73.9202 10.51859949128669
74.0002 10.550123929049397
74.0802 10.96065492962792
74.1602 13.073035870282483
74.2402 11.005203245390236
74.3202 9.996724755146884
74.4002 13.861832733190285
74.4802 9.37388856491407
74.5602 1.0316391072728075
74.6402 3.4031930062101887
74.7202 5.337083591253998
74.8002 4.940841679502921
74.8802 2.686532757958353
74.9602 2.2319272211549435
75.0402 2.202796746815937
75.1202 1.9735363130732337
75.2002 2.5345766721711804
75.2802 1.9887135427872245
75.3602 1.9814497508011746
75.4402 1.3282084041097497
75.5202 1.7564418643386033
75.6002 1.9197090921851694
75.6802 2.121050883772566
75.7602 1.6529384263240536
75.8402 1.660137152601054
75.9202 2.859526577831967
76.0002 2.0798926337367227
76.0802 1.6812024542525439
76.1602 1.1171763190383661
76.2402 1.035158599861
76.3202 1.2031539539100917
76.4002 1.085273260770589
76.4802 1.0865506520494603
76.5602 1.0630445526391357
76.6402 1.1817129141404834
76.7202 2.3297108717683987
76.8002 2.201681030777792
76.8802 2.0873889509918215
76.9602 1.0427777445546855
77.0402 1.9783266713640533
77.1202 2.290589937930251
77.2002 1.178102008535727
77.2802 1.392476803427894
77.3602 1.2770191477007706
77.4402 1.3839570625138253
77.5202 1.059688681582427
77.6002 1.1389563767765987
77.6802 1.0356294734508278
77.7602 1.11919871642795
77.8402 1.8661987965081082
77.9202 1.7800025777259336
78.0002 1.3302944876002003
78.0802 1.3687220742115538
78.1602 1.504283372036768
78.2402 1.719891879295902
78.3202 2.34092369358461
78.4002 2.6449678956394194
78.4802 1.8695978502051
78.5602 1.530469426011492
78.6402 1.2435989829006795
78.7202 1.1761569890442964
78.8002 1.363061003641425
78.8802 1.518092111178314
78.9602 1.7444590001011562
79.0402 1.903464294003077
79.1202 1.2718733666440336
79.2002 2.331878148939017
79.2802 2.5257010836036575
79.3602 1.0468248175327954
79.4402 1.2178158844521045
79.5202 1.369585105984177
79.6002 1.3953825236696593
79.6802 1.4264462821496646
79.7602 1.1856296762753997
79.8402 0.781352749970447
79.9202 1.0357046100960052
80.0002 1.527522283896906
80.0802 1.4933865017250971
80.1602 1.0810723559544448
80.2402 1.8405827080978956
80.3202 2.476654874723535
80.4002 6.8130999845821965
80.4802 4.948836963221014
80.5602 3.2864615586656
80.6402 7.618777899368753
80.7202 6.012664319029031
80.8002 6.735948266169202
80.8802 11.239522758693722
80.9602 8.389567472763497
81.0402 8.223238166514886
81.1202 10.927275357485891
81.2002 4.278657760411489
81.2802 3.244457588580107
81.3602 3.0911042653611784
81.4402 5.715434209664691
81.5202 10.291108817765931
81.6002 7.3804486471771105
81.6802 5.947767164450691
81.7602 9.297297967708063
81.8402 12.163021227111402
81.9202 10.42153377868874
82.0002 8.21885636587973
82.0802 5.93773517802176
82.1602 10.651581461205959
82.2402 8.386273346060337
82.3202 7.407867125032289
82.4002 9.302739243567654
82.4802 11.162322324338724
82.5602 9.23470819997733
82.6402 6.576480972910905
82.7202 12.417384792659893
82.8002 11.949301918714449
82.8802 10.978462670263314
82.9602 10.973618225442838
83.0402 8.420224479985356
83.1202 7.038776143819535
83.2002 6.917321680745189
83.2802 11.512433216792711
83.3602 11.45963695284522
83.4402 3.845789941110738
83.5202 6.229703155622691
83.6002 3.5053174443120834
83.6802 7.454788980548899
83.7602 4.79886013341108
83.8402 4.316936300407558
83.9202 6.989793465148482
84.0002 5.493360038444917
84.0802 5.462069821662981
84.1602 3.4237880819175883
84.2402 4.22395996733482
84.3202 2.5299114138031897
84.4002 1.8576656461919345
84.4802 2.233833476994779
84.5602 2.842447176960623
84.6402 2.156704200511374
84.7202 2.4595152131880758
84.8002 2.1339665643327863
84.8802 2.538382757099159
84.9602 1.4827903207291153
85.0402 1.5763211297269129
85.1202 2.275541147822875
85.2002 1.7227331005210442
85.2802 1.8330740654886386
85.3602 1.3205897309026575
85.4402 1.6096739159373858
85.5202 1.9363764487607669
85.6002 7.755908308984797
85.6802 3.06656848796256
85.7602 2.863832600886294
85.8402 4.215891218080331
85.9202 5.398209376308893
86.0002 5.514159165099592
86.0802 5.583906327257476
86.1602 5.666321967574776
86.2402 3.610069258169357
86.3202 6.296800583175202
86.4002 10.736530973903692
86.4802 13.205710086337561
86.5602 7.574399295264133
86.6402 13.467059583593104
86.7202 11.822586560873884
86.8002 4.525051415970268
86.8802 6.658208155269209
86.9602 6.220508233383592
87.0402 6.279352950458507
87.1202 5.170023917555008
87.2002 5.73710002725954
87.2802 5.5155471013747865
87.3602 6.351323463159144
87.4402 4.2962148207882125
87.5202 5.0427491779118405
87.6002 3.3905124862669433
87.6802 2.701282118447737
87.7602 4.1938755590158765
87.8402 3.8196903258624495
87.9202 6.481762533712496
88.0002 4.234297288022507
88.0802 4.5676845372885815
88.1602 4.01498788912175
88.2402 4.960936857049241
88.3202 3.739585508084205
88.4002 2.181245052508872
88.4802 3.4793332887105652
88.5602 2.648083091678538
88.6402 2.297381350144935
88.7202 1.9120132385086543
88.8002 1.3365934750488537
88.8802 1.5846693226709279
88.9602 1.607612203213333
89.0402 9.260756572519917
89.1202 10.842011459201053
89.2002 2.604490413975866
89.2802 3.2405318130735496
89.3602 8.930166984675333
89.4402 5.624627555692467
89.5202 2.8394632331378338
89.6002 3.093449719053944
89.6802 8.966032075415024
89.7602 8.963045706925572
89.8402 2.3032740299888363
89.9202 1.7151570805386651
90.0002 5.167418564193562
90.0802 5.578407583098024
90.1602 7.646923125798024
90.2402 4.96267392863658
90.3202 7.68396891404109
90.4002 10.676250981833586
90.4802 7.994215261572172
90.5602 4.026473092672183
90.6402 2.111914400348144
90.7202 3.726402483012163
90.8002 2.6850154641436563
90.8802 5.663275919054473
90.9602 6.781316717580899
91.0402 4.923923326688087
91.1202 9.207780762165589
91.2002 4.87823076925184
91.2802 8.768017172766282
91.3602 3.740255304156453
91.4402 6.870379156893223
91.5202 4.4414276287487695
91.6002 5.300249618392938
91.6802 6.7424921827735735
91.7602 8.997810445232258
91.8402 6.874682236110545
91.9202 1.9466540454457446
92.0002 6.566186810143712
92.0802 5.262206098562817
92.1602 5.605978602686269
92.2402 5.646233648966997
92.3202 5.690467573045031
92.4002 4.196903310235423
92.4802 5.759814687430136
92.5602 6.265840386874525
92.6402 5.646554881985179
92.7202 8.476037612121164
92.8002 6.381951706755917
92.8802 1.9709578824736675
92.9602 4.985552600206948
93.0402 2.4971810755700083
93.1202 3.7411080315879097
93.2002 2.704876727549358
93.2802 2.132759640407638
93.3602 2.9891923739776547
93.4402 3.535344843504962
93.5202 3.6895229785651438
93.6002 4.65598604098373
93.6802 9.571491076605843
93.7602 6.358672422064644
93.8402 4.360155347331899
93.9202 5.37702960136251
94.0002 4.47418689070699
94.0802 8.39438392373921
94.1602 8.485652062506928
94.2402 5.16250707348551
94.3202 7.897951842998211
94.4002 2.9237419300678558
94.4802 7.701662989471217
94.5602 4.777627278003043
94.6402 3.8887140983451314
94.7202 3.5695579604619643
94.8002 2.7001137460628994
94.8802 4.264289912993532
94.9602 3.3960443248862564
95.0402 4.370526736382634
95.1202 2.271229064593097
95.2002 4.824979205303476
95.2802 3.37042541902244
95.3602 3.0650523228492537
95.4402 3.1282991558115567
95.5202 3.013130400222366
95.6002 5.657293951828301
95.6802 11.394948493025549
95.7602 13.306220514528134
95.8402 12.080514408650517
95.9202 11.77931642093757
96.0002 9.896873746300365
96.0802 11.931253664433838
96.1602 10.98395965989186
96.2402 11.759484977138458
96.3202 7.915385433518602
96.4002 10.042022732753212
96.4802 14.303634055857682
96.5602 12.831689174733295
96.6402 9.807717611474638
96.7202 9.69408406531593
96.8002 3.935753381262528
96.8802 6.995525950074327
96.9602 11.991566216928325
97.0402 10.941552574752345
97.1202 12.282339213855257
97.2002 8.714068309144004
97.2802 14.038166744303693
97.3602 7.304306657251235
97.4402 6.009136410225383
97.5202 6.522541209117484
97.6002 6.752407005258164
97.6802 4.267746421061388
97.7602 4.401943600868654
97.8402 2.603839497608166
97.9202 2.745917482252298
98.0002 3.6641681374414605
98.0802 3.4678059290250793
98.1602 4.271563685961051
98.2402 3.4725649053910725
98.3202 3.5085557434933508
98.4002 2.827316583929738
98.4802 3.0455495754629824
98.5602 4.2400494839002905
98.6402 3.8341153519167044
98.7202 3.828013011382668
98.8002 3.864878798707847
98.8802 4.563909974769166
98.9602 6.851042513978346
99.0402 5.492489189201605
99.1202 6.1304203079995645
99.2002 4.568497696647803
99.2802 5.267025107735811
99.3602 4.32688470407837
99.4402 4.307899279626423
99.5202 3.039820058565952
99.6002 4.21762510342243
99.6802 4.574268835196926
99.7602 4.651881807848876
99.8402 5.550401287264182
99.9202 3.7939624265966816
100.0002 5.202932154668393
100.0802 8.79998729877785
100.1602 11.476499453654098
100.2402 11.082612584303316
100.3202 8.238982418815388
100.4002 8.415977519578528
100.4802 7.7456534445785135
100.5602 12.78513409392814
100.6402 8.764588384938069
100.7202 4.8115808012057535
100.8002 4.399833399252977
100.8802 3.681062700002552
100.9602 3.834196740825101
101.0402 5.516733350738452
101.1202 4.344407813525342
101.2002 4.710613644326634
101.2802 4.499661039168374
101.3602 4.125650803299609
101.4402 5.69297660128209
101.5202 7.911895663356457
101.6002 4.930725608205199
101.6802 3.8479706438413337
101.7602 4.9610381833548995
101.8402 4.334098971963607
101.9202 3.7912189847250737
102.0002 3.1610214031866013
102.0802 3.224481355175479
102.1602 2.471100165261427
102.2402 3.093448073420238
102.3202 2.5431724329016494
102.4002 2.24551496325822
102.4802 2.457459417469144
102.5602 2.516927255779592
102.6402 1.80230571437014
102.7202 1.3596421370271055
102.8002 2.0876620188908777
102.8802 2.97478032120269
102.9602 2.9297303911589214
103.0402 2.4620487916398797
103.1202 2.704792978820579
103.2002 7.857801361528687
103.2802 4.666330850189366
103.3602 6.149418258597524
103.4402 5.391041279474345
103.5202 11.499639385498622
103.6002 7.926996804330788
103.6802 5.889848511397091
103.7602 5.829027863012513
103.8402 6.714427521645489
103.9202 4.984516021341744
104.0002 4.217561015895313
104.0802 6.785378970478191
104.1602 7.2444540315122525
104.2402 17.906584349595335
104.3202 12.471818371169359
104.4002 10.561263632963572
104.4802 8.890976507175923
104.5602 7.188082622105181
104.6402 7.818108737908638
104.7202 15.40678890320611
104.8002 22.551473128226824
104.8802 15.754068878592912
104.9602 10.289492378048614
105.0402 10.211271464853207
105.1202 12.875288975699007
105.2002 13.629965051791594
105.2802 12.71896651993826
105.3602 11.494238302145943
105.4402 12.320000111268643
105.5202 7.655288520711686
105.6002 9.457048188377476
105.6802 12.722529659945234
105.7602 6.847027117864609
105.8402 5.852736000517566
105.9202 6.750703028873215
106.0002 7.9367925935986205
106.0802 7.3826585215639975
106.1602 8.898300572900055
106.2402 7.335450243200162
106.3202 5.467269085286092
106.4002 5.5422986893066986
106.4802 4.882854939713664
106.5602 6.2689050563490705
106.6402 5.24972413650332
106.7202 6.582591879125561
106.8002 3.974842760312577
106.8802 2.897223560131071
106.9602 5.278568172002119
107.0402 4.768274858529818
107.1202 7.797297140467102
107.2002 6.845827846812012
107.2802 5.402960274362206
107.3602 10.02377136440593
107.4402 8.477005450642514
107.5202 7.15942662092288
107.6002 6.366156362888122
107.6802 10.442114969388113
107.7602 9.23922852832426
107.8402 11.20057968409095
107.9202 13.918846947792009
108.0002 11.082835380864257
108.0802 9.033695142295645
108.1602 8.094249848009419
108.2402 7.899308615502299
108.3202 5.026831414131132
108.4002 8.676079583073633
108.4802 5.3548436457462
108.5602 19.71584894010512
108.6402 13.33255619679909
108.7202 9.677770787166951
108.8002 10.924760149125868
108.8802 4.8913064260363734
108.9602 5.842281761310274
109.0402 10.357402200122605
109.1202 8.954163651466056
109.2002 10.006955270473163
109.2802 5.574109996821204
109.3602 16.587493962065597
109.4402 18.139134344594265
109.5202 12.052277608662378
109.6002 12.113407896369766
109.6802 6.928280819495965
109.7602 12.703946492015893
109.8402 12.949193326937927
109.9202 7.883390580947066
110.0002 9.456466571321494
110.0802 9.84661702892796
110.1602 11.205457041191563
110.2402 6.456072006779506
110.3202 9.95874735193558
110.4002 13.107039677222296
110.4802 9.96572314510054
110.5602 10.885155080840095
110.6402 6.091904204288259
110.7202 6.751919005412238
110.8002 11.513433680855888
110.8802 8.074213674216347
110.9602 3.7016746866600694
111.0402 5.501244917788579
111.1202 5.54019207684622
111.2002 6.208247116430161
111.2802 3.564536880781895
111.3602 3.8147752461889572
111.4402 3.5981073234677274
111.5202 3.13172130332485
111.6002 6.388140379653875
111.6802 6.22100446534977
111.7602 7.529163108944456
111.8402 7.210210718083441
111.9202 7.343548745664329
112.0002 7.942149999011277
112.0802 6.036647960300444
112.1602 7.833599708066712
112.2402 10.781962668152069
112.3202 11.95501080130526
112.4002 7.406113662151043
112.4802 11.764716263108639
112.5602 4.524954397841603
112.6402 6.085087550155592
112.7202 6.064685121710144
112.8002 4.347482256191276
112.8802 4.833553274165965
112.9602 4.819524734833168
113.0402 5.125587565460551
113.1202 5.398457526216973
113.2002 4.395400758213622
113.2802 2.4032740405957376
113.3602 1.662564875006793
113.4402 3.628775041083897
113.5202 4.237177458432801
113.6002 5.4738215406590625
113.6802 4.980613878398081
113.7602 5.465906393069977
113.8402 8.938798012088304
113.9202 7.759129171371232
114.0002 3.47723980859512
114.0802 12.699420422982083
114.1602 3.2741231588939073
114.2402 5.207345018027806
114.3202 3.8273317557485473
114.4002 5.763395848528241
114.4802 4.529857871357636
114.5602 3.9861190620903257
114.6402 9.39484545515991
114.7202 8.878460916961533
114.8002 12.583814766229562
114.8802 7.743591242304915
114.9602 11.644162932585953
115.0402 11.438771008503164
115.1202 7.740671547036311
115.2002 13.38385360261163
115.2802 8.386148845888814
115.3602 6.51059646043857
115.4402 5.24516986549276
115.5202 9.815896936751074
115.6002 9.745430271490909
115.6802 8.588439887066956
115.7602 4.75640543879025
115.8402 7.229139148826276
115.9202 6.16004961372981
116.0002 5.828713968312875
116.0802 5.545554853113121
116.1602 5.489438512596142
116.2402 11.406823337973034
116.3202 7.447039962229927
116.4002 5.4817856533451685
116.4802 4.157684808627349
116.5602 6.913728132262603
116.6402 5.0625747898787505
116.7202 5.907992659208337
116.8002 7.1604997218046895
116.8802 6.211494566111254
116.9602 4.772238838542187
117.0402 8.295711040835382
117.1202 7.489747958005762
117.2002 5.642202485621015
117.2802 9.541111745108672
117.3602 8.117441095519968
117.4402 12.644055455620611
117.5202 12.71367956215274
117.6002 8.105069665513755
117.6802 9.126482815605993
117.7602 5.827493937122509
117.8402 9.774338604428511
117.9202 4.376750797801078
118.0002 6.708320029815337
118.0802 8.532638594958009
118.1602 13.24596514000591
118.2402 9.959186740608876
118.3202 15.106879062991949
118.4002 13.504361636730573
118.4802 12.42947138917237
118.5602 11.45008829582899
118.6402 14.75377369899231
118.7202 5.098325528282943
118.8002 4.620016391334751
118.8802 17.13279697262934
118.9602 6.530290227776634
119.0402 5.839744396143539
119.1202 5.255652639911363
119.2002 4.456642253412139
119.2802 4.942908116135557
119.3602 3.606257457208557
119.4402 3.692806539188285
119.5202 5.165919391952347
119.6002 4.2016986242917564
119.6802 5.648436880022634
119.7602 8.461176667250069
119.8402 13.42611277540081
119.9202 12.683781894570643
120.0002 13.1953050189127
120.0802 9.054644263876288
120.1602 7.524143296603978
120.2402 10.30151986268814
120.3202 12.499146216350054
120.4002 6.91641103940118
120.4802 12.159181974157175
120.5602 12.261595912689366
120.6402 8.918047855101596
120.7202 4.047645233394075
120.8002 7.355870998729211
120.8802 4.110135955973947
120.9602 10.502931440609643
121.0402 8.784522702074943
121.1202 5.834516486467119
121.2002 7.512296189645459
121.2802 7.68293048481323
121.3602 6.6270765751094265
121.4402 15.91571237236171
121.5202 16.107310307513732
121.6002 10.934607243267148
121.6802 12.075944102128572
121.7602 7.210023220790162
121.8402 6.769718017592035
121.9202 7.766922392930557
122.0002 10.536480223312031
122.0802 9.361771651605693
122.1602 12.644362290092786
122.2402 7.241018569714136
122.3202 5.295244574392126
122.4002 6.745014062244139
122.4802 10.786657283524075
122.5602 8.413112322907102
122.6402 9.405013116528014
122.7202 12.45542203389563
122.8002 14.121988764584753
122.8802 7.6790545673226775
122.9602 8.856568534073109
123.0402 11.899446091184739
123.1202 8.783097743271691
123.2002 3.1182306920766063
123.2802 4.073115171261146
123.3602 5.097180901507855
123.4402 4.746968386497381
123.5202 10.911578934886009
123.6002 9.180634370243613
123.6802 14.46763905054862
123.7602 5.033206179541557
123.8402 3.9851827314654793
123.9202 5.814106737326087
124.0002 8.20370020949595
124.0802 9.894871443198005
124.1602 7.029777950226453
124.2402 2.8552135017633464
124.3202 5.686728497256269
124.4002 3.7021282717778603
124.4802 2.851135328982137
124.5602 3.1919234686752693
124.6402 2.0632654066636276
124.7202 1.8463929690322687
124.8002 1.9245059586659286
124.8802 1.7911698347530993
124.9602 1.0740779078361673
125.0402 1.4219105766091924
125.1202 1.2783907622073296
125.2002 1.5629481777790184
125.2802 1.8141212355233136
125.3602 1.5226942599738598
125.4402 1.7575056923696537
125.5202 1.3056360925180863
125.6002 1.2048333737135213
125.6802 1.1432040619577142
125.7602 1.4902402656726388
125.8402 1.693555101312632
125.9202 2.434588065609365
126.0002 0.896907179567486
126.0802 1.1842109893547745
126.1602 1.8160735272108537
126.2402 2.2475235055508387
126.3202 1.2634012961195706
126.4002 2.1149461898811497
126.4802 1.7352407150377427
126.5602 1.5885988871040921
126.6402 2.5136195203103755
126.7202 1.4922196661244027
126.8002 1.8063063755832403
126.8802 2.5196478805272067
126.9602 2.321111370024229
127.0402 1.0671247399716273
127.1202 1.478620162262653
127.2002 1.8204533501555102
127.2802 1.3227055261112082
127.3602 1.0067420388885973
127.4402 1.2870810685520795
127.5202 0.8545631650978406
127.6002 0.9822937112388737
127.6802 1.3293610675566394
127.7602 1.2271178372926275
127.8402 1.8677940860511777
127.9202 1.4768590636095118
128.0002 1.5919469196449705
128.0802 1.2004748816657913
128.1602 0.986856013198706
128.2402 1.3013058828378279
128.3202 1.423944422451929
128.4002 1.157805295065576
128.4802 0.9712428242685146
128.5602 1.2065506295771016
128.6402 1.4797344702530655
128.7202 1.4329087886959453
128.8002 1.5124472679966965
128.8802 1.712849688523561
128.9602 1.8292708743034964
129.0402 1.574650465732037
129.1202 1.2561016871868398
129.2002 0.9621384539389661
129.2802 1.6952249244528812
129.3602 1.6130041125348185
129.4402 1.7426915171246034
129.5202 1.0364716057683279
129.6002 0.9337137462652765
129.6802 1.6902781453649776
129.7602 1.7153647825118528
129.8402 1.4328481861327655
129.9202 1.471632564314994
130.0002 1.193957593453621
130.0802 2.22766220868693
130.1602 2.0868988690469785
130.2402 1.387025812318729
130.3202 1.148541008434579
130.4002 1.5961763634801416
130.4802 2.0058564967037955
130.5602 2.990371407851678
130.6402 2.6377962280054827
130.7202 1.9266229330175928
130.8002 1.914834077179886
130.8802 1.7216345186575317
130.9602 1.4711499854155077
131.0402 1.3479601090103814
131.1202 0.9872146790634948
131.2002 1.0918888109307634
131.2802 0.8641265395676241
131.3602 1.1609871864818264
131.4402 2.310800177570862
131.5202 1.5791428444033124
131.6002 1.0506074749479575
131.6802 1.4426637472659125
131.7602 2.132971492227665
131.8402 1.4903381588221916
131.9202 1.4167604716632398
132.0002 1.6989820661313055
132.0802 1.1180481061943783
132.1602 1.0884515357511053
132.2402 1.4568617845380045
132.3202 1.4754931468237635
132.4002 1.354703163917895
132.4802 1.0802417020089363
132.5602 1.8572340486342376
132.6402 1.8797332293946178
132.7202 1.3711676519067435
132.8002 1.173591816977193
132.8802 1.0152564006808285
132.9602 0.777996855970779
133.0402 0.9241209068220579
133.1202 1.0416553157328519
133.2002 1.2460861008157071
133.2802 1.7350539323019454
133.3602 2.3774906119202117
133.4402 1.4088696762054411
133.5202 2.0067760545403597
133.6002 2.7971266073125958
133.6802 1.2024054018418495
133.7602 0.932247383673934
133.8402 0.9798105150001741
133.9202 1.123229490268953
134.0002 0.940648469098329
134.0802 1.8162071910358926
134.1602 1.5512544958523589
134.2402 1.795530470631426
134.3202 1.2876888856900044
134.4002 1.8848927574628513
134.4802 1.5620613153867402
134.5602 1.8519626356454324
134.6402 1.5836542455251206
134.7202 1.4368523480145072
134.8002 1.7626078056332242
134.8802 2.0066331124306505
134.9602 1.6651197709970422
135.0402 1.6723036246048246
135.1202 1.5749790327931414
135.2002 0.921175177390735
135.2802 0.9624832933182775
135.3602 1.2678989798571751
135.4402 1.2566261462913602
135.5202 1.365681763083801
135.6002 1.1332487785280194
135.6802 2.0199179494385944
135.7602 3.5135641796242103
135.8402 2.835995290077517
135.9202 3.246796489749325
136.0002 1.024909236853904
136.0802 2.905189488501523
136.1602 2.7867327064472174
136.2402 1.737449918009518
136.3202 1.4603185232515843
136.4002 1.4518494759047087
136.4802 1.6508425621189133
136.5602 2.019888019958062
136.6402 1.406828677315035
136.7202 1.5191421951109638
136.8002 1.5654518932093928
136.8802 2.7333082238683657
136.9602 3.398876122263154
137.0402 1.7534224878813034
137.1202 1.486810564956783
137.2002 1.7025600745754705
137.2802 1.3440292949447554
137.3602 2.316171657201234
137.4402 2.087637296616028
137.5202 1.0419499458313901
137.6002 1.4150986701816377
137.6802 1.5066362855834976
137.7602 1.9362725878183393
137.8402 1.9056594245043474
137.9202 1.7449521663897922
138.0002 1.0561746259657663
138.0802 2.312702950974796
138.1602 1.9456250178137358
138.2402 2.2042607930553886
138.3202 2.1963963374747744
138.4002 1.1428364012405783
138.4802 1.2427425123484586
138.5602 1.928354547677709
138.6402 1.5246889614693742
138.7202 1.8487588079757769
138.8002 2.0958264246737386
138.8802 1.3310422072709616
138.9602 1.3941521989153596
139.0402 0.9030531828796782
139.1202 1.074656635443003
139.2002 1.7317402368538246
139.2802 1.634600997793751
139.3602 1.7589476073812604
139.4402 1.299650475997451
139.5202 1.1772779250981222
139.6002 1.8878314134241303
139.6802 1.0639132836078236
139.7602 1.154543250200799
139.8402 1.1243730302579575
139.9202 2.577820116292739
140.0002 2.1440087092741527
140.0802 3.207419458351805
140.1602 1.3275498693755954
140.2402 1.6293892944304462
140.3202 1.215787869009893
140.4002 1.6701135753826397
140.4802 1.7061694846896036
140.5602 1.3330735889286451
140.6402 1.3253267832459577
140.7202 1.4794560604874745
140.8002 0.789659830932805
140.8802 1.4335342690169852
140.9602 1.4047220844142239
141.0402 2.32690872428961
141.1202 2.171901835609553
141.2002 2.4185383693837457
141.2802 1.2282849211796656
141.3602 1.290209151303062
141.4402 1.2897494699713359
141.5202 2.9925010537831263
141.6002 2.256937548380423
141.6802 1.0861275798375538
141.7602 1.3709491079613028
141.8402 1.596006027091783
141.9202 1.2211992237331972
142.0002 1.2497713577578229
142.0802 1.4421427986679303
142.1602 1.3319116249027023
142.2402 1.378320489400258
142.3202 1.2520992773372106
142.4002 1.071179630567514
142.4802 1.0395596559462086
142.5602 2.0119559409933916
142.6402 3.0968123321771
142.7202 2.4837838343402256
142.8002 1.6922367171281198
142.8802 1.8174149260435168
142.9602 1.8598686181453759
143.0402 3.0771862392759726
143.1202 2.710986667116611
143.2002 1.3570857287502978
143.2802 2.5181325798470082
143.3602 2.727660724177817
143.4402 3.9951064060123334
143.5202 1.9133389451107616
143.6002 1.6073677265063726
143.6802 1.2932707913444583
143.7602 1.8114178035861463
143.8402 1.360431486996393
143.9202 1.2263067229488989
144.0002 1.605867353652808
144.0802 1.5993025203813327
144.1602 1.6146804315725172
144.2402 1.2201195464861374
144.3202 1.0833270533751316
144.4002 1.20662595578071
144.4802 1.2170688749401823
144.5602 1.2453144567565244
144.6402 3.315089575973095
144.7202 3.052705393822189
144.8002 1.135574443098397
144.8802 1.2771931110580097
144.9602 1.882280723297594
145.0402 2.5023161115385184
145.1202 2.649779296349817
145.2002 2.4335798646668807
145.2802 3.36566126980631
145.3602 2.8574817921492257
145.4402 4.6885069536138895
145.5202 4.456451110022355
145.6002 9.803298276824385
145.6802 7.146276112617387
145.7602 13.117419248070965
145.8402 13.70966260908214
145.9202 17.789920875784986
146.0002 10.15174295197088
146.0802 8.488982629759446
146.1602 6.460134541357982
146.2402 6.7838257417970125
146.3202 3.911470366557295
146.4002 4.354627242830195
146.4802 4.182378367714347
146.5602 5.054469684418044
146.6402 13.377196213310759
146.7202 11.392011646454696
146.8002 8.96391906874291
146.8802 6.327666974500278
146.9602 6.229336995994082
147.0402 4.325371011886306
147.1202 6.046795761451979
147.2002 10.845825120535661
147.2802 9.908264760838952
147.3602 6.459831458788553
147.4402 2.233617154427518
147.5202 3.3275446878491795
147.6002 4.413325659888604
147.6802 6.617826243009413
147.7602 11.076612275812327
147.8402 9.007228826486003
147.9202 13.21946744674921
148.0002 12.34341895476465
148.0802 9.912269710990655
148.1602 10.315404167409824
148.2402 7.2989533448268045
148.3202 12.656794125200747
148.4002 9.191458609688006
148.4802 7.455390847392155
148.5602 9.202990660109426
148.6402 9.447973032056462
148.7202 17.771270955427696
148.8002 16.30613669989554
148.8802 9.500628364608115
148.9602 11.907758125124635
149.0402 7.739362972982627
149.1202 6.796508924642301
149.2002 9.955122887312541
149.2802 7.07135216611798
149.3602 7.071087868659679
149.4402 4.9929767737305895
149.5202 5.731188831043466
149.6002 7.9429302393950465
149.6802 10.323677653458807
149.7602 9.653594950048989
149.8402 9.438008390128473
149.9202 10.432720388774252
150.0002 9.5789153770855
150.0802 9.475176707482213
150.1602 7.899791311727245
150.2402 6.380092717997051
150.3202 9.035604188987842
150.4002 14.571620842306283
150.4802 13.866047595635912
150.5602 8.888465008908407
150.6402 6.66629589328642
150.7202 4.394327404746765
150.8002 3.510685895387425
150.8802 11.249463345432249
150.9602 5.256523259715682
151.0402 1.1259171645267523
151.1202 1.3842859705547885
151.2002 1.4682543374366428
151.2802 1.7381927473804915
151.3602 1.7087422939163788
151.4402 1.7631726916025618
151.5202 2.0405510571955583
151.6002 1.2585131970897863
151.6802 1.155331473068783
151.7602 1.0097716429716046
151.8402 1.251736859496387
151.9202 1.2062489461627897
152.0002 2.0394888453735582
152.0802 1.7037142212888514
152.1602 1.7752089554148542
152.2402 1.2838458199346612
152.3202 1.2330061140711994
152.4002 1.1104056793632777
152.4802 1.8804151968657012
152.5602 1.295517813920945
152.6402 2.027223885997939
152.7202 3.9907247261188545
152.8002 3.69284377356433
152.8802 1.4017454960115445
152.9602 1.2649693764457988
153.0402 1.2216901274945373
153.1202 1.5748086538167367
153.2002 1.1015387780451324
153.2802 1.292667962883511
153.3602 1.3285014173583438
153.4402 1.340723076670472
153.5202 1.0942001705198607
153.6002 1.320967210426796
153.6802 1.2545959742666024
153.7602 1.7428977153329672
153.8402 1.6066730620770526
153.9202 1.5861957936470255
154.0002 1.7692311968196817
154.0802 1.625212039771625
154.1602 0.9888326518322983
154.2402 1.3406810929895023
154.3202 1.9273669603252737
154.4002 2.438402706861789
154.4802 2.1085236275454804
154.5602 1.249460186331008
154.6402 2.673866085756827
154.7202 1.8322290499459546
154.8002 1.921772566466674
154.8802 2.5825724038503513
154.9602 2.029305325510728
155.0402 1.6548122662764706
155.1202 1.0495836374485865
155.2002 1.0717022371721043
155.2802 1.2684335370319526
155.3602 1.2396820124032537
155.4402 1.0591338265118824
155.5202 2.0260607399668964
155.6002 2.03101867647841
155.6802 1.3663822260172422
155.7602 1.6146176307397555
155.8402 1.138177292408569
155.9202 1.7270842902500627
156.0002 1.0183991630837812
156.0802 0.8634958953261711
156.1602 1.2324288091516569
156.2402 1.3054892601468013
156.3202 1.8713521615790585
156.4002 1.5014993690321061
156.4802 1.689167790934132
156.5602 1.0171565653085484
156.6402 1.262403391108518
156.7202 1.390975430026457
156.8002 1.468086519048562
156.8802 1.31710110911781
156.9602 1.6933883127011393
157.0402 1.7709182478171988
157.1202 1.8085630598736322
157.2002 1.8010788941075364
157.2802 2.583591158059868
157.3602 2.0640499734731645
157.4402 1.6396597933891375
157.5202 1.5789943292614992
157.6002 1.6676281863262958
157.6802 1.9076000914638884
157.7602 2.140058829158641
157.8402 1.4112677062793926
157.9202 1.3249226082442915
158.0002 1.1926870286788922
158.0802 1.1242280019282256
158.1602 1.4121489008107813
158.2402 1.717850568073967
158.3202 1.7487482757097175
158.4002 1.3137864905849534
158.4802 1.1164867222716404
158.5602 1.1772602259371268
158.6402 1.178696119150469
158.7202 1.1873219270830433
158.8002 1.8759920379972874
158.8802 1.5710797340947729
158.9602 1.6030229912198315
159.0402 1.270647942092231
159.1202 1.8313190763610423
159.2002 1.880445028699983
159.2802 1.8886583611081598
159.3602 1.2841609608703048
159.4402 1.4159225625245915
159.5202 1.7972661802496317
159.6002 1.6756897710330454
159.6802 1.7196594419401656
159.7602 0.9061611648984337
159.8402 1.235877183664486
159.9202 1.3079548229422628
160.0002 0.8318786748422642
160.0802 1.5554397141835703
160.1602 1.4342327858257264
160.2402 1.2121062423591378
160.3202 1.7861488486666364
160.4002 1.5390848205489114
160.4802 1.5638216471225774
160.5602 1.5114096742195204
160.6402 1.5248794733958817
160.7202 1.483250131269045
160.8002 1.7968194074449257
160.8802 1.7533732590383486
160.9602 2.1133477868560893
161.0402 1.8906677136648011
161.1202 1.7193287059102138
161.2002 1.386979034795528
161.2802 2.065560171579863
161.3602 1.298199329774504
161.4402 1.6917258768355314
161.5202 1.8120818415264823
161.6002 1.2093487017951645
161.6802 1.3138269346290634
161.7602 1.3770501027568094
161.8402 2.204987875438829
161.9202 1.7901272928897662
162.0002 1.6070672464823532
162.0802 1.1890487086437096
162.1602 1.0041752614531068
162.2402 1.5201666272686147
162.3202 1.1308155592717128
162.4002 1.8684493789941312
162.4802 1.898795370509915
162.5602 1.839791630998313
162.6402 1.693095726975466
162.7202 1.5561903482281845
162.8002 1.4146709367414982
162.8802 2.666399088904505
162.9602 2.38404822757308
163.0402 1.6109322891445246
163.1202 1.9010015991348583
163.2002 2.298429173103962
163.2802 1.330991297497006
163.3602 1.3510594442789423
163.4402 1.0505127134634733
163.5202 1.0732358306864915
163.6002 1.281934217157335
163.6802 0.7882145940009344
163.7602 1.3656019465795042
163.8402 2.7368763707997448
163.9202 2.679960720648563
164.0002 2.1338308128431303
164.0802 2.645140529351594
164.1602 2.272249466936389
164.2402 1.2628900730639805
164.3202 1.8143111453865184
164.4002 1.5721276367946384
164.4802 1.7846197027421755
164.5602 1.8009179466331875
164.6402 1.152830294909624
164.7202 1.85492246715122
164.8002 3.7953087853062026
164.8802 2.9648346949039524
164.9602 2.491408132306366
165.0402 1.8437703602156037
165.1202 1.5046113183637106
165.2002 1.5465937653707478
165.2802 1.8808523906241017
165.3602 1.5427128702969257
165.4402 1.359806466809708
165.5202 2.6060187837509026
165.6002 2.26383822725762
165.6802 1.9436506709045016
165.7602 3.2557675680984755
165.8402 2.150533622354041
165.9202 1.9918465916637422
166.0002 2.0078113718771284
166.0802 3.7299297949468944
166.1602 3.244472802043951
166.2402 2.871851914826493
166.3202 1.9713444296603368
166.4002 3.2120054641562654
166.4802 3.3250187396264317
166.5602 11.676959115221681
166.6402 12.22116169002548
166.7202 10.536310114590126
166.8002 7.706939476695154
166.8802 12.419469366772248
166.9602 9.919892334545672
167.0402 6.327013910947492
167.1202 3.936878153675687
167.2002 8.511136666753288
167.2802 8.342830069283275
167.3602 11.149481609413206
167.4402 10.534732685393887
167.5202 8.890907617771795
167.6002 9.455264440636158
167.6802 5.336766839411119
167.7602 8.997551615982164
167.8402 10.03502883646368
167.9202 6.678914653646499
168.0002 5.271999215863737
168.0802 8.919081289589881
168.1602 8.438285609661339
168.2402 6.627944614834923
168.3202 3.8403888254331022
168.4002 4.840316812433479
168.4802 3.7812657455699394
168.5602 4.14564461953913
168.6402 4.390436627535061
168.7202 2.3967135349542295
168.8002 5.436250759921335
168.8802 6.1780151540753385
168.9602 2.9535838425085856
169.0402 3.6651391929578137
169.1202 4.167606435302968
169.2002 2.5869689532175126
169.2802 4.662636934856472
169.3602 3.2533033949548336
169.4402 6.708473891396301
169.5202 2.632921935459035
169.6002 4.038005562097989
169.6802 8.457286404870738
169.7602 9.98456945817277
169.8402 5.572840573537624
169.9202 6.627522045369208
170.0002 7.402838010861216
170.0802 6.341364738092252
170.1602 11.666907436079486
170.2402 5.9925783798781715
170.3202 5.693185300853123
170.4002 6.681684737367991
170.4802 10.079419101010762
170.5602 8.674767414251589
170.6402 9.387637794378085
170.7202 12.907809477653945
170.8002 9.846274443634526
170.8802 8.740329358134327
170.9602 6.086105159405935
171.0402 11.76407195971415
171.1202 5.198774375726433
171.2002 7.410075249410068
171.2802 6.357090912617881
171.3602 13.4716441983658
171.4402 15.549895626178685
171.5202 11.545273377647575
171.6002 9.146851125798676
171.6802 3.927036926525006
171.7602 3.1444276489783807
171.8402 2.829159386849893
171.9202 13.084642487911912
172.0002 9.481093104525156
172.0802 11.216168194692402
172.1602 13.371863556753302
172.2402 13.246673775831221
172.3202 5.740942019457029
172.4002 5.123286098209242
172.4802 3.9747167424005174
172.5602 6.828385213177318
172.6402 7.1855953035805245
