0.0 0.0
0.1 0.0
0.2 0.00019157271621375677
0.30000000000000004 0.005651395128305828
0.4 0.04923418806693552
0.5 0.15325817297100533
0.6000000000000001 0.22576844605791246
0.7000000000000001 0.263987202942557
0.8 0.2661902891790152
0.9 0.2514391900305559
1.0 0.23716702267263076
1.1 0.2187760419161101
1.2000000000000002 0.20948476517974338
1.3 0.20632381536221595
1.4000000000000001 0.19157271621375707
1.5 0.1949252387474974
1.6 0.1896569890516191
1.7000000000000002 0.19195586164618458
1.8 0.1913811434975429
1.9000000000000001 0.18103621682200047
2.0 0.18668761195030587
2.1 0.17184072644373974
2.2 0.17088286286267096
2.3000000000000003 0.1760553262004424
2.4000000000000004 0.17509746261937437
2.5 0.17279859002480852
2.6 0.17337330817344979
2.7 0.17097864922077785
2.8000000000000003 0.1662851176735408
2.9000000000000004 0.16753034032893094
3.0 0.16398624507897572
3.1 0.16944606749106778
3.2 0.16331574057222756
3.3000000000000003 0.16341152693033445
3.4000000000000004 0.15364131840343354
3.5 0.15728120001149423
3.6 0.1555570455655704
3.7 0.15277924118047093
3.8000000000000003 0.1414764509238593
3.9000000000000004 0.1456910506805626
4.0 0.13362196955909467
4.1000000000000005 0.14358375080221125
4.2 0.13917757832929484
4.3 0.12979051523481955
4.4 0.13687870573472974
4.5 0.13429247406584283
4.6000000000000005 0.13189781511317206
4.7 0.12069081121466617
4.800000000000001 0.12480962461326302
4.9 0.1222233929443773
5.0 0.11800879318767359
5.1000000000000005 0.11369840707286508
5.2 0.1070891483634895
5.300000000000001 0.10507763484324599
5.4 0.11216582534315503
5.5 0.10344926675542813
5.6000000000000005 0.09444534909338245
5.7 0.0888897403231827
5.800000000000001 0.08228048161380885
5.9 0.08553721778944272
6.0 0.07490493203957853
6.1000000000000005 0.07413864117472416
6.2 0.07011561413423463
6.300000000000001 0.06781674153967017
6.4 0.06283585091811247
6.5 0.062261132769470644
6.6000000000000005 0.05287406967499708
6.7 0.05546030134388231
6.800000000000001 0.053161428749317716
6.9 0.050287838006111356
7.0 0.04262492935756067
7.1000000000000005 0.03898504774949966
7.2 0.039272406823819946
7.300000000000001 0.039176620465713415
7.4 0.03228000268201814
7.5 0.03304629354687288
7.6000000000000005 0.02998113008745305
7.7 0.025191812182108888
7.800000000000001 0.02547917125642975
7.9 0.022892939587544025
8.0 0.019731989770017024
8.1 0.017145758101130993
8.200000000000001 0.016187894520062508
8.3 0.015325817297100601
8.4 0.013026944702535511
8.5 0.010632285749863541
8.6 0.009674422168794583
8.700000000000001 0.010344926675542905
8.8 0.00852498587151221
8.9 0.007471335932336543
9.0 0.007471335932336543
9.1 0.007279763216122656
9.200000000000001 0.004214599756702665
9.3 0.0052682496958783315
9.4 0.004789317905343937
9.5 0.0038314543242750822
9.600000000000001 0.00392724068238203
9.700000000000001 0.004406172472916423
9.8 0.002777804385099484
9.9 0.0023946589526719687
10.0 0.001532581729710033
10.100000000000001 0.0018199408040306965
10.200000000000001 0.0013410090134963028
10.3 0.0020115135202444538
10.4 0.0009578635810687876
10.5 0.0014367953716031558
10.600000000000001 0.0016283680878169389
10.700000000000001 0.0009578635810687876
10.8 0.0011494362972825451
10.9 0.0010536499391756663
11.0 0.0009578635810687706
11.100000000000001 0.000383145432427515
11.200000000000001 0.0002873590743206363
11.3 0.000383145432427515
11.4 0.0002873590743206363
11.5 0.00038314543242750824
11.600000000000001 0.00076629086485503
11.700000000000001 0.000383145432427515
11.8 9.578635810687875e-05
11.9 0.0002873590743206363
12.0 0.00019157271621375412
12.100000000000001 0.0002873590743206363
12.200000000000001 0.0
12.3 9.578635810687875e-05
12.4 0.0
12.5 0.0
12.600000000000001 0.0001915727162137575
12.700000000000001 9.578635810687875e-05
12.8 0.0
12.9 9.578635810687875e-05
13.0 0.0
13.100000000000001 0.0
13.200000000000001 0.0
13.3 0.0
13.4 0.0
13.5 0.0
13.600000000000001 0.0
13.700000000000001 0.0
13.8 0.0
13.9 0.0
14.0 0.0
14.100000000000001 0.0
14.200000000000001 0.0
14.3 0.0
14.4 0.0
14.5 0.0
14.600000000000001 0.0
14.700000000000001 0.0
14.8 0.0
14.9 0.0
15.0 0.0
15.100000000000001 0.0
15.200000000000001 0.0
15.3 0.0
15.4 0.0
15.5 0.0
15.600000000000001 0.0
15.700000000000001 0.0
15.8 0.0
15.9 0.0
