0.0 0.0
0.1 0.0
0.2 0.0
0.30000000000000004 0.0028736320314183775
0.4 0.04214660312746954
0.5 0.12332670801503856
0.6000000000000001 0.20043583419143182
0.7000000000000001 0.2315668478651309
0.8 0.22941162384156713
0.9 0.21504346368447524
1.0 0.1980411408319163
1.1 0.1781651859479392
1.2000000000000002 0.16954428985368444
1.3 0.1642759644627504
1.4000000000000001 0.15876816973586555
1.5 0.16259967911108966
1.6 0.16116286309538047
1.7000000000000002 0.15158408965731957
1.8 0.1412869082114034
1.9000000000000001 0.15086568164946498
2.0 0.1367369908283243
2.1 0.13937115352379115
2.2 0.14463947891472484
2.3000000000000003 0.13410282813285748
2.4000000000000004 0.13841327617998567
2.5 0.1367369908283243
2.6 0.14152637754735492
2.7 0.1326660121171483
2.8000000000000003 0.13218707344524522
2.9000000000000004 0.12572140137455445
3.0 0.13841327617998503
3.1 0.13458176680476056
3.2 0.1336238894609544
3.3000000000000003 0.12811609473406918
3.4000000000000004 0.12188989199932992
3.5 0.13434229746880902
3.6 0.13434229746880902
3.7 0.13697646016427584
3.8000000000000003 0.1381738068440335
3.9000000000000004 0.12955291074977895
4.0 0.1305107880935839
4.1000000000000005 0.12715821739026364
4.2 0.13721592950022798
4.3 0.14128690821140277
4.4 0.12572140137455445
4.5 0.13003184942168086
4.6000000000000005 0.13386335879690653
4.7 0.1271582173902625
4.800000000000001 0.13458176680476114
4.9 0.13458176680476114
5.0 0.1264398093824079
5.1000000000000005 0.12452405469479677
5.2 0.12428458535884415
5.300000000000001 0.1240451160228937
5.4 0.12883450274192434
5.5 0.12452405469479567
5.6000000000000005 0.11183217988936556
5.7 0.1199741373117166
5.800000000000001 0.11757944395220234
5.9 0.11255058789722015
6.0 0.11159271055341305
6.1000000000000005 0.10728226250628646
6.2 0.10153499844344877
6.300000000000001 0.10680332383438337
6.4 0.10225340645130428
6.5 0.09315357168514522
6.6000000000000005 0.0957877343806129
6.7 0.09123781699753297
6.800000000000001 0.08573002227064855
6.9 0.08285639023923017
7.0 0.07806700352019882
7.1000000000000005 0.07519337148878114
7.2 0.07040398476974986
7.300000000000001 0.06489619004286525
7.4 0.06705141406642903
7.5 0.05914892598002794
7.6000000000000005 0.05531741660480395
7.7 0.049330683206015205
7.800000000000001 0.04645705117459726
7.9 0.044062357815081936
8.0 0.044062357815081936
8.1 0.03687827773653531
8.200000000000001 0.03807562441629363
8.3 0.032567829689408384
8.4 0.029933666993941534
8.5 0.028975789650135402
8.6 0.025623218946813495
8.700000000000001 0.02011542421992871
8.8 0.020354893555880244
8.9 0.02011542421992871
9.0 0.018678608204219516
9.1 0.014128690821140152
9.200000000000001 0.017720730860413387
9.3 0.017960200196364916
9.4 0.010057712109964355
9.5 0.010536650781867232
9.600000000000001 0.011494528125673548
9.700000000000001 0.008141957422352096
9.8 0.008620896094255162
9.9 0.0076630187504490325
10.0 0.006944610742594313
10.100000000000001 0.010057712109964355
10.200000000000001 0.005028856054982178
10.3 0.0062262027347398385
10.4 0.004549917383079113
10.5 0.006705141406642784
10.600000000000001 0.0038315093752245163
10.700000000000001 0.0038315093752245163
10.8 0.0031131013673699193
10.9 0.0031131013673699193
11.0 0.003113101367369864
11.100000000000001 0.002634162695466855
11.200000000000001 0.002634162695466855
11.3 0.0007184080078545968
11.4 0.003352570703321452
11.5 0.001676285351660696
11.600000000000001 0.0019157546876122581
11.700000000000001 0.0009578773438061291
11.8 0.00047893867190306453
11.9 0.0014368160157091935
12.0 0.000718408007854584
12.100000000000001 0.0009578773438061291
12.200000000000001 0.0009578773438061291
12.3 0.00047893867190306453
12.4 0.0009578773438061291
12.5 0.000478938671903056
12.600000000000001 0.00023946933595153227
12.700000000000001 0.00047893867190306453
12.8 0.00023946933595153227
12.9 0.0007184080078545968
13.0 0.0
13.100000000000001 0.0
13.200000000000001 0.00023946933595153227
13.3 0.0
13.4 0.00023946933595153227
13.5 0.000239469335951528
13.600000000000001 0.0
13.700000000000001 0.0
13.8 0.00023946933595153227
13.9 0.0
14.0 0.000239469335951528
14.100000000000001 0.0
14.200000000000001 0.0
14.3 0.0
14.4 0.00023946933595153227
14.5 0.0
14.600000000000001 0.00023946933595153227
14.700000000000001 0.0
14.8 0.0
14.9 0.0
15.0 0.0
15.100000000000001 0.0
15.200000000000001 0.0
15.3 0.0
15.4 0.0
15.5 0.0
15.600000000000001 0.0
15.700000000000001 0.0
15.8 0.0
15.9 0.0
