0.0 0.0
0.1 0.0
0.2 0.0
0.30000000000000004 0.002873700847741751
0.4 0.032089659466449545
0.5 0.11207433306192814
0.6000000000000001 0.16667464916902155
0.7000000000000001 0.19924325877676138
0.8 0.20594856075482545
0.9 0.18295895397289147
1.0 0.15757459648450584
1.1 0.15709564634321554
1.2000000000000002 0.14272714210450713
1.3 0.15661669620192525
1.4000000000000001 0.14512189281095858
1.5 0.13937449111547476
1.6 0.15949039704966697
1.7000000000000002 0.14176924182192654
1.8 0.13985344125676505
1.9000000000000001 0.12309018631160513
2.0 0.10920063221418641
2.1 0.10824273193160583
2.2 0.11351118348579901
2.3000000000000003 0.12548493701805633
2.4000000000000004 0.09770582882321985
2.5 0.10728483164902525
2.6 0.1044111308012835
2.7 0.10728483164902525
2.8000000000000003 0.1139901336270893
2.9000000000000004 0.11877963503999275
3.0 0.10153742995354174
3.1 0.1048900809425738
3.2 0.11686383447483106
3.3000000000000003 0.10680588150773496
3.4000000000000004 0.10680588150773541
3.5 0.1044111308012835
3.6 0.11159538292063785
3.7 0.11159538292063785
3.8000000000000003 0.11446908376837961
3.9000000000000004 0.11638488433354129
4.0 0.12069543560515285
4.1000000000000005 0.12500598687676656
4.2 0.13075338857225008
4.3 0.11638488433354027
4.4 0.13410603956128214
4.5 0.14368504238708674
4.6000000000000005 0.11830068489870246
4.7 0.12021648546386259
4.800000000000001 0.1384165908328948
4.9 0.12740073758321804
5.0 0.13793764069160327
5.1000000000000005 0.12740073758321804
5.2 0.1456008429522479
5.300000000000001 0.14895349394128124
5.4 0.1297954882896695
5.5 0.14033239139805473
5.6000000000000005 0.14176924182192685
5.7 0.13937449111547415
5.800000000000001 0.13219023899612098
5.9 0.1379376406916045
6.0 0.1283586378657975
6.1000000000000005 0.13362708941999185
6.2 0.12069543560515285
6.300000000000001 0.11877963503999275
6.4 0.11111643277934806
6.5 0.11830068489870141
6.6000000000000005 0.11494803390967041
6.7 0.10201638009483158
6.800000000000001 0.115905934192251
6.9 0.1087216820728966
7.0 0.09100052684515493
7.1000000000000005 0.1005795296709616
7.2 0.09579002825805782
7.300000000000001 0.09387422769289751
7.4 0.08908472627999457
7.5 0.07663202260644626
7.6000000000000005 0.07615307246515665
7.7 0.07327937161741424
7.800000000000001 0.06992672062838283
7.9 0.06417931893289931
8.0 0.059868767661286675
8.1 0.058431917237414754
8.200000000000001 0.05364241582451287
8.3 0.05555821638967403
8.4 0.05172661525935169
8.5 0.03879496144451376
8.6 0.0411897121509645
8.700000000000001 0.04502131328128758
8.8 0.030652809042578777
8.9 0.03927391158580406
9.0 0.029215958618707898
9.1 0.025863307629675387
9.200000000000001 0.020594856075482615
9.3 0.015326404521289388
9.4 0.016284304803869974
9.5 0.011973753532257122
9.600000000000001 0.011973753532257334
9.700000000000001 0.016763254945160268
9.8 0.013889554097418507
9.9 0.017721155227740856
10.0 0.011973753532257122
10.100000000000001 0.007663202260644694
10.200000000000001 0.008142152401934987
10.3 0.008621102543225281
10.4 0.007663202260644694
10.5 0.008142152401934843
10.600000000000001 0.005747401695483521
10.700000000000001 0.007184252119354401
10.8 0.006226351836773813
10.9 0.005747401695483521
11.0 0.005268451554193134
11.100000000000001 0.005268451554193227
11.200000000000001 0.003352650989032054
11.3 0.0043105512716126405
11.4 0.003831601130322347
11.5 0.0023947507064514244
11.600000000000001 0.0019158005651611736
11.700000000000001 0.0019158005651611736
11.8 0.0004789501412902934
11.9 0.0019158005651611736
12.0 0.0019158005651611395
12.100000000000001 0.0009579002825805868
12.200000000000001 0.0009579002825805868
12.3 0.002394750706451467
12.4 0.0004789501412902934
12.5 0.0
12.600000000000001 0.0009579002825805868
12.700000000000001 0.0004789501412902934
12.8 0.0
12.9 0.0004789501412902934
13.0 0.0009579002825805698
13.100000000000001 0.0009579002825805868
13.200000000000001 0.0014368504238708802
13.3 0.0004789501412902934
13.4 0.0
13.5 0.0
13.600000000000001 0.0
13.700000000000001 0.0009579002825805868
13.8 0.0
13.9 0.0
14.0 0.0
14.100000000000001 0.0
14.200000000000001 0.0
14.3 0.0
14.4 0.0
14.5 0.0
14.600000000000001 0.0
14.700000000000001 0.0
14.8 0.0
14.9 0.0
15.0 0.0
15.100000000000001 0.0
15.200000000000001 0.0
15.3 0.0
15.4 0.0
15.5 0.0
15.600000000000001 0.0
15.700000000000001 0.0
15.8 0.0
15.9 0.0
