0.0 0.0
0.1 0.0
0.2 0.0
0.30000000000000004 0.0
0.4 0.011498658489842854
0.5 0.04599463395937137
0.6000000000000001 0.13031812955155234
0.7000000000000001 0.17631276351092376
0.8 0.11498658489842854
0.9 0.1188194710617095
1.0 0.11881947106170936
1.1 0.07282483710233799
1.2000000000000002 0.09965504024530485
1.3 0.09582215408202367
1.4000000000000001 0.12265235722499059
1.5 0.14564967420467598
1.6 0.15714833269451883
1.7000000000000002 0.12265235722499059
1.8 0.11881947106170936
1.9000000000000001 0.09965504024530485
2.0 0.04982752012265231
2.1 0.042161747796090415
2.2 0.04599463395937137
2.3000000000000003 0.03832886163280947
2.4000000000000004 0.049827520122652534
2.5 0.061326178612495154
2.6 0.034495975469528525
2.7 0.034495975469528525
2.8000000000000003 0.04599463395937137
2.9000000000000004 0.08049060942890024
3.0 0.0651590647757761
3.1 0.030663089306247577
3.2 0.061326178612495154
3.3000000000000003 0.053660406285933264
3.4000000000000004 0.03449597546952868
3.5 0.08432349559218083
3.6 0.08049060942889988
3.7 0.053660406285933264
3.8000000000000003 0.07665772326561894
3.9000000000000004 0.08432349559218122
4.0 0.07665772326561861
4.1000000000000005 0.05366040628593351
4.2 0.08815638175546218
4.3 0.11881947106170884
4.4 0.09198926791874314
4.5 0.10732081257186604
4.6000000000000005 0.08815638175546218
4.7 0.1149865848984279
4.800000000000001 0.10348792640858603
4.9 0.1494825603679576
5.0 0.11881947106170884
5.1000000000000005 0.13031812955155278
5.2 0.14564967420467534
5.300000000000001 0.17631276351092437
5.4 0.1379839018781147
5.5 0.14181678804139441
5.6000000000000005 0.1724798773476434
5.7 0.10348792640858512
5.800000000000001 0.15331544653123858
5.9 0.17631276351092437
6.0 0.0881563817554614
6.1000000000000005 0.19547719432732918
6.2 0.16864699118436094
6.300000000000001 0.19931008049061014
6.4 0.20697585281717207
6.5 0.1763127635109228
6.6000000000000005 0.17631276351092437
6.7 0.14948256036795626
6.800000000000001 0.17631276351092437
6.9 0.1724798773476434
7.0 0.19547719432732744
7.1000000000000005 0.13415101571483376
7.2 0.18397853583748464
7.300000000000001 0.16481410502108146
7.4 0.1494825603679576
7.5 0.1264852433882707
7.6000000000000005 0.14564967420467664
7.7 0.1379839018781135
7.800000000000001 0.09965504024530507
7.9 0.09198926791874314
8.0 0.08432349559218122
8.1 0.09965504024530329
8.200000000000001 0.11115369873514795
8.3 0.10348792640858603
8.4 0.11115369873514795
8.5 0.06899195093905736
8.6 0.07665772326561793
8.700000000000001 0.061326178612495424
8.8 0.08432349559218122
8.9 0.06515906477577639
9.0 0.06515906477577639
9.1 0.05749329244921344
9.200000000000001 0.06899195093905736
9.3 0.030663089306247712
9.4 0.038328861632809644
9.5 0.03449597546952807
9.600000000000001 0.05366040628593351
9.700000000000001 0.015331544653123856
9.8 0.030663089306247712
9.9 0.011498658489842892
10.0 0.015331544653123584
10.100000000000001 0.04216174779609061
10.200000000000001 0.015331544653123856
10.3 0.015331544653123856
10.4 0.003832886163280964
10.5 0.03449597546952807
10.600000000000001 0.003832886163280964
10.700000000000001 0.038328861632809644
10.8 0.003832886163280964
10.9 0.007665772326561928
11.0 0.015331544653123584
11.100000000000001 0.003832886163280964
11.200000000000001 0.015331544653123856
11.3 0.007665772326561928
11.4 0.0
11.5 0.007665772326561792
11.600000000000001 0.019164430816404822
11.700000000000001 0.003832886163280964
11.8 0.0
11.9 0.003832886163280964
12.0 0.003832886163280896
12.100000000000001 0.0
12.200000000000001 0.0
12.3 0.0
12.4 0.0
12.5 0.003832886163280896
12.600000000000001 0.003832886163280964
12.700000000000001 0.003832886163280964
12.8 0.0
12.9 0.0
13.0 0.003832886163280896
13.100000000000001 0.0
13.200000000000001 0.003832886163280964
13.3 0.0
13.4 0.0
13.5 0.0
13.600000000000001 0.0
13.700000000000001 0.0
13.8 0.0
13.9 0.0
14.0 0.0
14.100000000000001 0.0
14.200000000000001 0.0
14.3 0.0
14.4 0.0
14.5 0.0
14.600000000000001 0.0
14.700000000000001 0.0
14.8 0.0
14.9 0.0
15.0 0.0
15.100000000000001 0.0
15.200000000000001 0.0
15.3 0.0
15.4 0.0
15.5 0.0
15.600000000000001 0.0
15.700000000000001 0.0
15.8 0.0
15.9 0.0
