0.0 0.0
0.1 0.0
0.2 0.0
0.30000000000000004 0.0019160758766047139
0.4 0.02874113814907071
0.5 0.0632305039279555
0.6000000000000001 0.13220923548572525
0.7000000000000001 0.15328607012837714
0.8 0.1398735389921441
0.9 0.1666986012646101
1.0 0.15328607012837694
1.1 0.10155202146004973
1.2000000000000002 0.10346809733665466
1.3 0.126461007855911
1.4000000000000001 0.128377083732516
1.5 0.13220923548572514
1.6 0.14178961486874866
1.7000000000000002 0.12646100785591127
1.8 0.1283770837325157
1.9000000000000001 0.08622341444721222
2.0 0.0651465798045602
2.1 0.0651465798045602
2.2 0.07472695918758376
2.3000000000000003 0.045985821038513085
2.4000000000000004 0.057482276298141614
2.5 0.04790189691511779
2.6 0.0632305039279555
2.7 0.07472695918758376
2.8000000000000003 0.05748227629814135
2.9000000000000004 0.06323050392795578
3.0 0.07664303506418847
3.1 0.07281088331097905
3.2 0.06131442805135078
3.3000000000000003 0.08239126269400261
3.4000000000000004 0.0843073385706077
3.5 0.07664303506418847
3.6 0.07089480743437433
3.7 0.09197164207702617
3.8000000000000003 0.07281088331097905
3.9000000000000004 0.07089480743437465
4.0 0.1073002490898634
4.1000000000000005 0.08239126269400297
4.2 0.09388771795363131
4.3 0.10155202146004927
4.4 0.10155202146005018
4.5 0.12454493197930573
4.6000000000000005 0.09963594558344545
4.7 0.10155202146004927
4.800000000000001 0.13987353899214458
4.9 0.11304847671967849
5.0 0.13604138723893394
5.1000000000000005 0.13412531136233044
5.2 0.15328607012837628
5.300000000000001 0.1417896148687493
5.4 0.1494539183751682
5.5 0.13795746311553864
5.6000000000000005 0.15711822188158708
5.7 0.12837708373251513
5.800000000000001 0.16669860126461067
5.9 0.15711822188158708
6.0 0.1724468288944233
6.1000000000000005 0.1686146771412154
6.2 0.1705307530178186
6.300000000000001 0.1686146771412154
6.4 0.15136999425177292
6.5 0.1647825253880045
6.6000000000000005 0.15903429775819178
6.7 0.12454493197930573
6.800000000000001 0.1494539183751682
6.9 0.14370569074535403
7.0 0.15520214600498097
7.1000000000000005 0.12454493197930681
7.2 0.14178961486874803
7.300000000000001 0.12837708373251627
7.4 0.13987353899214458
7.5 0.1130484767196775
7.6000000000000005 0.11688062847288794
7.7 0.1264610078559104
7.800000000000001 0.07664303506418882
7.9 0.10730024908986435
8.0 0.1226288561027021
8.1 0.13412531136232805
8.200000000000001 0.09197164207702657
8.3 0.07281088331097937
8.4 0.07664303506418882
8.5 0.06131442805135105
8.6 0.05748227629814059
8.700000000000001 0.053650124544932176
8.8 0.049817972791722724
8.9 0.06131442805135105
9.0 0.03448936577888497
9.1 0.0421536692853031
9.200000000000001 0.04790189691511801
9.3 0.04790189691511801
9.4 0.04790189691511801
9.5 0.044069745161907786
9.600000000000001 0.026825062272466088
9.700000000000001 0.030657214025675526
9.8 0.030657214025675526
9.9 0.021076834642651924
10.0 0.019160758766046865
10.100000000000001 0.019160758766047205
10.200000000000001 0.011496455259628321
10.3 0.017244682889442486
10.4 0.015328607012837763
10.5 0.009580379383023432
10.600000000000001 0.022992910519256643
10.700000000000001 0.017244682889442486
10.8 0.013412531136233044
10.9 0.005748227629814161
11.0 0.009580379383023432
11.100000000000001 0.005748227629814161
11.200000000000001 0.0019160758766047204
11.3 0.003832151753209441
11.4 0.003832151753209441
11.5 0.009580379383023432
11.600000000000001 0.0019160758766047204
11.700000000000001 0.0019160758766047204
11.8 0.0
11.9 0.003832151753209441
12.0 0.0038321517532093727
12.100000000000001 0.003832151753209441
12.200000000000001 0.0
12.3 0.0019160758766047204
12.4 0.007664303506418882
12.5 0.0
12.600000000000001 0.005748227629814161
12.700000000000001 0.0
12.8 0.0
12.9 0.0
13.0 0.0038321517532093727
13.100000000000001 0.0019160758766047204
13.200000000000001 0.0
13.3 0.0
13.4 0.0
13.5 0.0019160758766046863
13.600000000000001 0.0
13.700000000000001 0.0
13.8 0.0
13.9 0.0
14.0 0.0
14.100000000000001 0.0
14.200000000000001 0.0
14.3 0.0
14.4 0.0
14.5 0.0
14.600000000000001 0.0
14.700000000000001 0.0
14.8 0.0
14.9 0.0
15.0 0.0
15.100000000000001 0.0
15.200000000000001 0.0
15.3 0.0
15.4 0.0
15.5 0.0
15.600000000000001 0.0
15.700000000000001 0.0
15.8 0.0
15.9 0.0
