0.0 0.0
0.1 0.0
0.2 0.0
0.30000000000000004 0.003831784653702463
0.4 0.03831784653702463
0.5 0.0852572085448797
0.6000000000000001 0.1283647858990325
0.7000000000000001 0.19350512501197437
0.8 0.19158923268512315
0.9 0.14464987067726795
1.0 0.1494396014943959
1.1 0.12932273206245798
1.2000000000000002 0.12453300124533019
1.3 0.12836478589903236
1.4000000000000001 0.14177603218699128
1.5 0.1571031708018008
1.6 0.16764057859948256
1.7000000000000002 0.12644889357218142
1.8 0.10824791646709446
1.9000000000000001 0.09292077785228482
2.0 0.09675256250598707
2.1 0.0785515854009004
2.2 0.09004693936200778
2.3000000000000003 0.08142542389117724
2.4000000000000004 0.09004693936200817
2.5 0.0718459622569211
2.6 0.0910048855254334
2.7 0.08908899319858217
2.8000000000000003 0.0852572085448797
2.9000000000000004 0.10058434715968997
3.0 0.0910048855254334
3.1 0.0986684548328383
3.2 0.08621515470830532
3.3000000000000003 0.09483667017913584
3.4000000000000004 0.08142542389117761
3.5 0.09387872401571024
3.6 0.08908899319858217
3.7 0.07471980074719795
3.8000000000000003 0.10250023948654077
3.9000000000000004 0.10441613181339246
4.0 0.10250023948654031
4.1000000000000005 0.09483667017913627
4.2 0.10250023948654123
4.3 0.11782737810135008
4.4 0.10920586263052055
4.5 0.11303764728422201
4.6000000000000005 0.13794424753328913
4.7 0.10728997030366837
4.800000000000001 0.12261710891847921
4.9 0.14081808602356596
5.0 0.12549094740875497
5.1000000000000005 0.1216591627550536
5.2 0.12453300124532936
5.300000000000001 0.15518727847495026
5.4 0.14177603218699159
5.5 0.14560781684069277
5.6000000000000005 0.13123862438930978
5.7 0.15039754765782082
5.800000000000001 0.13123862438930978
5.9 0.12932273206245853
6.0 0.15231343998467206
6.1000000000000005 0.16285084778235523
6.2 0.1360283552064367
6.300000000000001 0.13794424753328913
6.4 0.14560781684069407
6.5 0.12261710891847813
6.6000000000000005 0.14369192451384283
6.7 0.14464987067726717
6.800000000000001 0.12261710891847921
6.9 0.14177603218699159
7.0 0.13411246287958545
7.1000000000000005 0.11974327042820238
7.2 0.11591148577449886
7.300000000000001 0.09579461634256188
7.4 0.11399559344764866
7.5 0.10441613181339152
7.6000000000000005 0.10345818564996684
7.7 0.08429926238145372
7.800000000000001 0.10537407797681807
7.9 0.08908899319858256
8.0 0.0756777469106239
8.1 0.09100488552543218
8.200000000000001 0.06035060829581399
8.3 0.07759363923747513
8.4 0.06514033911294208
8.5 0.06609828527636771
8.6 0.057476769805536114
8.700000000000001 0.04119168502730161
8.8 0.045981415844429704
8.9 0.049813200498132176
9.0 0.038317846537024754
9.1 0.04214963119072648
9.200000000000001 0.02682249257591733
9.3 0.039275792700450375
9.4 0.03640195421017352
9.5 0.02969633106619366
9.600000000000001 0.021074815595363616
9.700000000000001 0.019158923268512377
9.8 0.01820097710508676
9.9 0.027780438739342946
10.0 0.02011686943193764
10.100000000000001 0.020116869431937995
10.200000000000001 0.012453300124533044
10.3 0.01724303094166114
10.4 0.00862151547083057
10.5 0.008621515470830416
10.600000000000001 0.00862151547083057
10.700000000000001 0.010537407797681808
10.8 0.006705623143979333
10.9 0.004789730817128094
11.0 0.0076635693074048146
11.100000000000001 0.0038317846537024754
11.200000000000001 0.0028738384902768565
11.3 0.005747676980553713
11.4 0.0038317846537024754
11.5 0.005747676980553612
11.600000000000001 0.005747676980553713
11.700000000000001 0.0009579461634256188
11.8 0.005747676980553713
11.9 0.004789730817128094
12.0 0.002873838490276806
12.100000000000001 0.0028738384902768565
12.200000000000001 0.0019158923268512377
12.3 0.0009579461634256188
12.4 0.0009579461634256188
12.5 0.002873838490276806
12.600000000000001 0.0
12.700000000000001 0.0019158923268512377
12.8 0.0
12.9 0.0009579461634256188
13.0 0.004789730817128009
13.100000000000001 0.0
13.200000000000001 0.0
13.3 0.0
13.4 0.0009579461634256188
13.5 0.0009579461634256018
13.600000000000001 0.0
13.700000000000001 0.0
13.8 0.0
13.9 0.0
14.0 0.0
14.100000000000001 0.0
14.200000000000001 0.0
14.3 0.0
14.4 0.0
14.5 0.0
14.600000000000001 0.0
14.700000000000001 0.0
14.8 0.0
14.9 0.0
15.0 0.0
15.100000000000001 0.0
15.200000000000001 0.0
15.3 0.0
15.4 0.0
15.5 0.0
15.600000000000001 0.0
15.700000000000001 0.0
15.8 0.0
15.9 0.0
