0.0802 2.0308628140966896
0.1602 2.1022697248665745
0.2402 1.5146109737450213
0.3202 0.867432116284906
0.4002 1.4205152769575826
0.4802 3.5186365413070417
0.5602 3.018884437635289
0.6402 1.9898007910128612
0.7202 1.5950826490271817
0.8002 3.690042254708034
0.8802 1.8793145819252863
0.9602 1.0967280896531215
1.0402 1.5068492365093222
1.1202 1.014654020329204
1.2002 1.2379206972318013
1.2802 1.239163303304987
1.3602 0.886264630205707
1.4402 1.3961091230351041
1.5202 1.9016495565328206
1.6002 1.4156243879378334
1.6802 0.6353542479170826
1.7602 0.5703897542968176
1.8402 1.370085458963299
1.9202 2.483729550869629
2.0002 1.9497601425299758
2.0802 0.6708494858191243
2.1602 0.8314411706980585
2.2402 1.5916220688178928
2.3202 1.2820117104054105
2.4002 0.8428468189899877
2.4802 2.6108851572561047
2.5602 2.390619447569281
2.6402 9.08553533005853
2.7202 7.535010210887921
2.8002 6.548566881824644
2.8802 4.027545812619486
2.9602 6.279266053133679
3.0402 5.241774445582278
3.1202 7.474423891011295
3.2002 6.685393264994123
3.2802 3.8202036625030407
3.3602 5.726773310596507
3.4402 8.043670777344392
3.5202 6.516308559077084
3.6002 5.823218558887768
3.6802 5.613842356088346
3.7602 6.388085977881587
3.8402 5.739485945931756
3.9202 6.092586508788665
4.0002 5.855227208685935
4.0802 6.38790495609951
4.1602 7.763286160460258
4.2402 7.045930668603739
4.3202 5.465650332848743
4.4002 7.001961082606786
4.4802 7.334160930546329
4.5602 5.4156114416498795
4.6402 4.627316682387935
4.7202 7.9220193074566225
4.8002 7.399409229759169
4.8802 6.1924230205247754
4.9602 5.893285916170465
5.0402 6.306567126750342
5.1202 8.224219753682414
5.2002 5.296980204833646
5.2802 6.3396382620301726
5.3602 9.09055999102008
5.4402 9.222470998433156
5.5202 4.767501955614145
5.6002 3.266506724999417
5.6802 6.3261902593683725
5.7602 8.33099217726024
5.8402 6.53952878186239
5.9202 6.361384504467003
6.0002 7.86862994390913
6.0802 6.959868518307904
6.1602 6.506361585959688
6.2402 5.927007524136362
6.3202 12.50679339238694
6.4002 9.643661520382073
6.4802 5.609581602133837
6.5602 7.8212429439628774
6.6402 1.0465904990096384
6.7202 1.6477672531388323
6.8002 1.8016193270477872
6.8802 1.789558120503514
6.9602 4.393938812206673
7.0402 7.13748957616909
7.1202 5.385128629865317
7.2002 5.178623173963066
7.2802 6.790578088612808
7.3602 4.832992979265091
7.4402 6.703468728280098
7.5202 5.28903505821312
7.6002 4.911926095869031
7.6802 4.773847795601458
7.7602 6.640300590760841
7.8402 8.721657398998577
7.9202 7.473379413915652
8.0002 7.6383241605400105
8.0802 6.811208004249887
8.1602 6.322323528078139
8.2402 5.876641119788086
8.3202 7.085527380285066
8.4002 6.253834197212684
8.4802 5.670647489769339
8.5602 7.289276827533924
8.6402 6.5780797743775015
8.7202 3.632638068019514
8.8002 5.28334830754672
8.8802 5.172815415982723
8.9602 6.253391487501223
9.0402 3.967796554943654
9.1202 6.0701952436761815
9.2002 2.9490926604721
9.2802 2.5116794529761757
9.3602 3.875879252350685
9.4402 3.554962925305851
9.5202 5.590179723334358
9.6002 2.9680429961477017
9.6802 2.165750444781125
9.7602 5.764421547754308
9.8402 8.463377622001179
9.9202 9.469636060110327
10.0002 8.103187004538402
10.0802 6.90519802533796
10.1602 11.37827497057859
10.2402 1.427811059313936
10.3202 1.4235733989099688
10.4002 4.267264936646112
10.4802 9.522106914605871
10.5602 5.4696466954095815
10.6402 4.269872751531446
10.7202 3.909501055683675
10.8002 1.69953075575735
10.8802 6.54880213630062
10.9602 8.428600387746474
11.0402 7.050823004626687
11.1202 4.888540078481965
11.2002 3.4520205252097904
11.2802 4.331806400534064
11.3602 2.5849624262460535
11.4402 4.629015434486278
11.5202 5.296248357062009
11.6002 4.866190140050332
11.6802 4.720947316725673
11.7602 4.283268616087494
11.8402 5.528762564721124
11.9202 2.972867759676157
12.0002 1.711819417100683
12.0802 2.139516095231618
12.1602 5.194960801052727
12.2402 6.9804866103998
12.3202 6.855465454100329
12.4002 6.456809354949638
12.4802 7.081946393102096
12.5602 7.070151391814064
12.6402 7.014385258332835
12.7202 5.9610057658155124
12.8002 9.364751808012217
12.8802 6.546527474567035
12.9602 2.8644575393863887
13.0402 3.790041090324155
13.1202 3.396366489099506
13.2002 8.844607996908705
13.2802 5.092586502127931
13.3602 8.14504854166804
13.4402 5.807459840848084
13.5202 7.984070571890902
13.6002 6.339570177036877
13.6802 5.986402491155549
13.7602 9.133896972815611
13.8402 9.649779675417948
13.9202 9.299433067860274
14.0002 6.422265014241179
14.0802 7.226535946897904
14.1602 4.6338556373192015
14.2402 7.362157971072264
14.3202 5.21346153504852
14.4002 7.095656893922095
14.4802 6.136895588295221
14.5602 8.852949618786838
14.6402 8.584474004521885
14.7202 5.516681914773326
14.8002 6.81441228529419
14.8802 5.117668705545218
14.9602 9.102218271206382
15.0402 4.005096877479859
15.1202 6.479196761407279
15.2002 7.752023942926119
15.2802 3.5761966968979713
15.3602 5.408143463761998
15.4402 7.022814698232146
15.5202 5.731828146304025
15.6002 7.475275466445525
15.6802 7.436203242899444
15.7602 7.133569426609062
15.8402 7.6225690454079364
15.9202 7.03832336019196
16.0002 5.566017493297958
16.0802 8.063200262444376
16.1602 7.951501569734971
16.2402 6.592850835314854
16.3202 10.146744571793414
16.4002 5.61455452080771
16.4802 4.5452161376757765
16.5602 8.882625090902705
16.6402 6.192230819334557
16.7202 5.886427880385673
16.8002 8.66451369002379
16.8802 2.4381508382702486
16.9602 1.8883475518817046
17.0402 7.530209560133841
17.1202 7.5310954209255545
17.2002 5.684145350265708
17.2802 5.674675412747228
17.3602 5.392523206519689
17.4402 6.045231867035542
17.5202 6.127218401948922
17.6002 6.739008527675624
17.6802 8.807281729855788
17.7602 6.684100870012142
17.8402 8.682774573539417
17.9202 7.681276647098847
18.0002 7.334426631049357
18.0802 6.5424955971113485
18.1602 2.955250076981729
18.2402 2.4582822079663216
18.3202 3.3906085087026856
18.4002 2.2037499057996266
18.4802 9.60610992168473
18.5602 7.621334065371146
18.6402 6.803889554728914
18.7202 5.647014193179756
18.8002 6.7148203053687
18.8802 9.033421707987976
18.9602 7.978077189228005
19.0402 7.143442079462332
19.1202 5.5284746796270925
19.2002 6.181271270779087
19.2802 6.151575618664564
19.3602 4.794831864164514
19.4402 5.500113649623175
19.5202 3.6094404339925372
19.6002 3.1471445952959956
19.6802 3.2386715407383813
19.7602 7.765743964960847
19.8402 5.225184355491296
19.9202 6.973738728208562
20.0002 3.144667428794913
20.0802 0.865492829061107
20.1602 1.0860938532060997
20.2402 1.2242699363540512
20.3202 1.3084299896030285
20.4002 0.9564819836689209
20.4802 1.2747474196789625
20.5602 1.5748242952165992
20.6402 0.6886571392761696
20.7202 0.46589491133324135
20.8002 0.8752182218128493
20.8802 1.683349977928765
20.9602 1.6961623714522789
21.0402 1.398045200719764
21.1202 0.8147582668214916
21.2002 2.214697628578474
21.2802 1.8285094516030667
21.3602 1.772851613459377
21.4402 1.7483221048109956
21.5202 1.769375753444239
21.6002 1.5264383640261379
21.6802 1.7143692050536015
21.7602 1.6186270738181268
21.8402 1.5397095041299997
21.9202 1.2539323807419567
22.0002 1.6457692066721834
22.0802 1.3690755024063679
22.1602 0.9312401556718125
22.2402 0.7858545970910785
22.3202 1.7167983013885313
22.4002 2.2211332241981183
22.4802 1.9585467290008332
22.5602 0.8372150001452455
22.6402 0.9368388285546607
22.7202 0.7449505725715565
22.8002 0.7646716631611382
22.8802 0.6436873029680782
22.9602 1.3741508061226761
23.0402 1.5084363854108958
23.1202 0.563822479446099
23.2002 0.6268362338167869
23.2802 0.6373999063226435
23.3602 0.9186424727146897
23.4402 0.9309182202661884
23.5202 0.7229285690719023
23.6002 0.8860068647055129
23.6802 0.67642557438641
23.7602 2.095808563572745
23.8402 1.705247264752484
23.9202 0.8485204676782315
24.0002 1.5392963120543681
24.0802 1.0869762015268225
24.1602 1.234677730315681
24.2402 1.3780712122104875
24.3202 0.7020477597429846
24.4002 0.5045267455056388
24.4802 0.5480348609166814
24.5602 0.6634360109636954
24.6402 0.7655346642457372
24.7202 1.5271633458614633
24.8002 1.0100693969092682
24.8802 1.8897386995744916
24.9602 0.8176051480413619
25.0402 1.4231696631116462
25.1202 1.497397386635036
25.2002 1.6746268991392341
25.2802 1.5246027385058492
25.3602 1.4249248435094322
25.4402 1.5188309549448917
25.5202 1.8260142235033776
25.6002 1.561763778752381
25.6802 2.012390813717249
25.7602 0.7807111786952009
25.8402 0.5632810068364632
25.9202 1.3790885517933267
26.0002 1.2168817928704574
26.0802 1.4702965109067951
26.1602 2.723034397846387
26.2402 2.594095960649145
26.3202 8.480805602203471
26.4002 5.081073041492085
26.4802 6.867184690875698
26.5602 11.23608598882108
26.6402 9.873451505452383
26.7202 5.524208747822268
26.8002 3.546607817270461
26.8802 3.330145815344128
26.9602 5.4111720001776815
27.0402 4.015312201872006
27.1202 5.925369707535639
27.2002 7.8704774969213105
27.2802 7.019679603879335
27.3602 5.136478786670197
27.4402 4.715298718887356
27.5202 7.186077143392294
27.6002 4.167477502585924
27.6802 6.076800535681737
27.7602 5.308686282054549
27.8402 7.293864302076795
27.9202 5.069484055657806
28.0002 6.950392891766105
28.0802 7.905129206103599
28.1602 7.205080044148421
28.2402 6.226419237994394
28.3202 8.403466253287334
28.4002 11.047601770750697
28.4802 8.566181212656314
28.5602 7.1464621565167255
28.6402 7.2964214816199116
28.7202 5.787326052916002
28.8002 6.995027270457774
28.8802 6.547254325548974
28.9602 5.946082285674272
29.0402 5.846718005830437
29.1202 4.857569735438572
29.2002 5.875177698693747
29.2802 5.96700577698392
29.3602 5.002721368107915
29.4402 4.314372671419794
29.5202 4.5343022189131865
29.6002 7.125521028190186
29.6802 4.210368970672658
29.7602 3.774559578583593
29.8402 4.145809641246626
29.9202 5.694691389301103
30.0002 4.377959607012069
30.0802 5.247717826286354
30.1602 9.75448286012869
30.2402 5.44116826618522
30.3202 4.812931152808525
30.4002 5.364363455048607
30.4802 3.832060341169114
30.5602 1.8586942489282419
30.6402 3.706283847697146
30.7202 4.268271178177131
30.8002 3.5110825110134334
30.8802 7.035729168024335
30.9602 4.837698787246809
31.0402 6.164299970714884
31.1202 6.999442990878236
31.2002 4.707828413692657
31.2802 6.926849168446115
31.3602 5.558108875461885
31.4402 9.063547098714286
31.5202 6.7886601800757385
31.6002 4.64796597954165
31.6802 8.511052455122575
31.7602 8.502896858386483
31.8402 4.944581128259481
31.9202 9.457037227643045
32.0002 6.717197712128675
32.0802 5.556964115929054
32.1602 5.5888246686347
32.2402 5.745189275111275
32.3202 9.166213693519875
32.4002 5.420692038511222
32.4802 4.689205712579376
32.5602 5.284699495506329
32.6402 5.087215062460045
32.7202 6.777407824217437
32.8002 8.306125930692671
32.8802 6.868606371657438
32.9602 6.622941100714113
33.0402 6.534176294228624
33.1202 6.922779101535357
33.2002 4.547722482933923
33.2802 5.5250177546426045
33.3602 6.400354281228726
33.4402 8.73979171962929
33.5202 7.977085684749821
33.6002 9.234341882097048
33.6802 7.286669825687899
33.7602 5.596962179549988
33.8402 3.630893464763666
33.9202 8.229102143216844
34.0002 6.668762769124744
34.0802 4.820741323484999
34.1602 7.0292864726583755
34.2402 4.98795803316699
34.3202 6.503630195665437
34.4002 4.429639890171295
34.4802 10.52153914876663
34.5602 4.191081152640624
34.6402 3.2382229530894224
34.7202 4.7724778973789705
34.8002 8.326911139775573
34.8802 6.208504854811878
34.9602 5.501215580906594
35.0402 6.901478197505292
35.1202 7.5328654233951315
35.2002 8.09458295616955
35.2802 2.2887308531090484
35.3602 2.3890460033932017
35.4402 2.678953694690022
35.5202 8.478960015728617
35.6002 6.965940237788849
35.6802 7.429947082216356
35.7602 6.5251613189464654
35.8402 5.8826874114431895
35.9202 7.882926724819627
36.0002 5.250681364304253
36.0802 7.2710895203819295
36.1602 7.139364316424834
36.2402 6.708038128418365
36.3202 8.478125716218022
36.4002 5.197197076223089
36.4802 8.185756422710142
36.5602 5.276097053811592
36.6402 7.141827787479544
36.7202 8.241305729994373
36.8002 6.529764779754677
36.8802 8.88001206526861
36.9602 7.5624219854003405
37.0402 5.679755209216819
37.1202 2.6363922352791165
37.2002 5.946633225317805
37.2802 4.018648916686635
37.3602 4.159181316725558
37.4402 7.16233840144046
37.5202 5.492119777114209
37.6002 6.583620568948516
37.6802 6.63714040878779
37.7602 9.146269243277402
37.8402 5.3484897002940555
37.9202 5.560462504592528
38.0002 6.856573244084063
38.0802 5.6734336941122026
38.1602 7.39635648159273
38.2402 7.896701783079992
38.3202 5.578588398718935
38.4002 6.752517721018208
38.4802 7.768828383972155
38.5602 7.332861935941814
38.6402 2.8840310445102513
38.7202 6.8359980837588
38.8002 5.865488202338872
38.8802 6.421842296843663
38.9602 5.388258262774214
39.0402 8.659049086362304
39.1202 5.343753417941706
39.2002 5.378806036949884
39.2802 6.533162944595776
39.3602 7.343783534324641
39.4402 6.850994491747967
39.5202 7.570610990687755
39.6002 8.11842625836627
39.6802 6.496427637598961
39.7602 7.000633188119165
39.8402 8.088544931681833
39.9202 6.43039971929094
40.0002 2.9731707201298416
40.0802 8.612519462155182
40.1602 6.325075376645141
40.2402 7.1394074742415
40.3202 3.972759307077198
40.4002 5.306376290021689
40.4802 3.826520539259404
40.5602 5.4874419089037145
40.6402 6.353684494125778
40.7202 5.656727556416208
40.8002 7.282515997843231
40.8802 5.978707258765868
40.9602 7.68650354456112
41.0402 6.5157289829491765
41.1202 3.8388649988741257
41.2002 7.936993875068717
41.2802 6.159335694949655
41.3602 5.062596848367627
41.4402 6.471514089591293
41.5202 7.162077492989411
41.6002 3.779962220407728
41.6802 6.217637150114399
41.7602 6.8415298319824736
41.8402 5.979889310472683
41.9202 6.837239092228519
42.0002 8.412976011038577
42.0802 8.63942601354974
42.1602 6.682445533927356
42.2402 3.424942944874044
42.3202 2.1872234616250252
42.4002 2.838957729525499
42.4802 6.2664160702629905
42.5602 6.873085340458512
42.6402 4.764460439018766
42.7202 6.068604813484996
42.8002 6.434498984649785
42.8802 8.665369248141442
42.9602 5.479660981479068
43.0402 7.485609850539178
43.1202 8.665620701488312
43.2002 7.422648576446697
43.2802 3.655041305495225
43.3602 3.804434126733489
43.4402 2.021622229315375
43.5202 2.1482312727386956
43.6002 1.818839849516422
43.6802 2.368362672888327
43.7602 0.8963317825068512
43.8402 2.374114940313947
43.9202 1.7829512140711372
44.0002 2.976901230550966
44.0802 1.6047329399621322
44.1602 1.8394740240795273
44.2402 3.2849626813619035
44.3202 6.576618543892887
44.4002 7.628743681701182
44.4802 3.048921964096889
44.5602 10.734232887310181
44.6402 7.357975851431612
44.7202 8.99305860130678
44.8002 7.092056443453119
44.8802 6.698570859047301
44.9602 6.247939017909154
45.0402 5.174793453147414
45.1202 7.71653665831053
45.2002 8.88796632262099
45.2802 5.142444032021839
45.3602 9.541837703024614
45.4402 6.033647361256153
45.5202 3.3620799254164875
45.6002 5.369771741489674
45.6802 6.971777108873038
45.7602 4.464053195081084
45.8402 8.765186941470294
45.9202 6.811260521723258
46.0002 4.8484122825678755
46.0802 6.4950340773171655
46.1602 6.469000536906761
46.2402 4.72005591072209
46.3202 5.91892240728238
46.4002 4.864442312245803
46.4802 7.207548643043151
46.5602 7.793367129699058
46.6402 6.354742063770845
46.7202 8.323828294435886
46.8002 7.200070043121688
46.8802 7.631118701641423
46.9602 3.033564024762416
47.0402 8.235205389505431
47.1202 8.54463750415984
47.2002 8.373110657407764
47.2802 8.358853021438522
47.3602 6.301091481409629
47.4402 9.270236674430517
47.5202 6.489620449558545
47.6002 8.404440733150398
47.6802 7.84892433023689
47.7602 8.213344736354012
47.8402 7.870407547915072
47.9202 4.5516305040145655
48.0002 6.730631223786294
48.0802 7.625776196024663
48.1602 5.3825400990674375
48.2402 8.55951767265005
48.3202 6.424134587353235
48.4002 4.822848880332702
48.4802 6.5718992122017115
48.5602 8.273475033118224
48.6402 7.53260444901543
48.7202 8.93000353735197
48.8002 5.356412233115012
48.8802 4.662720611449157
48.9602 7.754529326418868
49.0402 4.719516820684066
49.1202 6.961859512947021
49.2002 7.557022877890443
49.2802 7.348876149055058
49.3602 6.482618638430974
49.4402 7.649439061012328
49.5202 6.101623830655367
49.6002 3.7002673735823928
49.6802 5.80018566624142
49.7602 6.253743340458143
49.8402 7.901503987379068
49.9202 8.959842235617915
50.0002 6.425623021033026
50.0802 7.657552481554584
50.1602 8.766367268637099
50.2402 6.330297572765336
50.3202 5.526699058184981
50.4002 6.93183859855418
50.4802 4.341079296349005
50.5602 6.547674421340382
50.6402 6.802236820278489
50.7202 8.640289090700438
50.8002 7.582327862065613
50.8802 5.179446174068298
50.9602 6.843462212195385
51.0402 4.065707035080443
51.1202 5.421692228853603
51.2002 7.7017260473353595
51.2802 4.765043568435637
51.3602 8.638249308290796
51.4402 8.188264330202012
51.5202 7.217064340691791
51.6002 4.318996295105114
51.6802 1.6509699462022416
51.7602 4.4608619656109525
51.8402 4.590031371306473
51.9202 3.741706451744211
52.0002 1.972253785058239
52.0802 4.844555748884875
52.1602 5.388686825972463
52.2402 4.348766292885281
52.3202 4.922107858799629
52.4002 3.8478256242907913
52.4802 4.443466520439055
52.5602 4.7731073105846935
52.6402 3.842432042798062
52.7202 5.373013871285248
52.8002 4.338085868415165
52.8802 2.585812888982779
52.9602 7.446522564167766
53.0402 7.763939619310082
53.1202 2.3932983769168685
53.2002 7.921640827391203
53.2802 7.855795852069625
53.3602 8.55706786265835
53.4402 5.603874577676371
53.5202 6.471319770743616
53.6002 6.802414670033422
53.6802 7.258872776333159
53.7602 7.073648680071373
53.8402 7.381456943381258
53.9202 5.877131966128077
54.0002 7.688393505922846
54.0802 5.106644965306933
54.1602 1.068731063380518
54.2402 7.29893246630277
54.3202 2.938797964884441
54.4002 2.1715722580361394
54.4802 5.796870616619821
54.5602 5.60236796619196
54.6402 3.684484744857268
54.7202 6.888627213625173
54.8002 4.646214157194389
54.8802 3.5987263128141866
54.9602 6.006101455926654
55.0402 5.972314216803309
55.1202 8.050598054152832
55.2002 4.961787368967974
55.2802 4.906802482848673
55.3602 7.476304393703
55.4402 4.413017324315802
55.5202 6.144015838688395
55.6002 7.922699520685983
55.6802 5.33205296725737
55.7602 5.933131300079856
55.8402 4.385500195075801
55.9202 6.137055730595574
56.0002 6.472072972924444
56.0802 6.888439762530218
56.1602 4.053293913224182
56.2402 5.150520787335648
56.3202 7.777692925535201
56.4002 5.655472080165268
56.4802 9.18202542281038
56.5602 7.319170871167379
56.6402 2.448499335237464
56.7202 4.3752747049398355
56.8002 4.349948507690782
56.8802 9.428890613792493
56.9602 9.902692370778597
57.0402 6.416080454369224
57.1202 9.27786622165116
57.2002 7.7519153533540095
57.2802 6.980055628285135
57.3602 7.189896722587952
57.4402 6.912036211038121
57.5202 8.065055678117195
57.6002 8.97483128660124
57.6802 7.647696544757956
57.7602 3.6421243251193465
57.8402 4.535940588274951
57.9202 5.674824587006185
58.0002 6.155178612447983
58.0802 8.943848466627253
58.1602 5.4088613405265225
58.2402 6.852208933035562
58.3202 1.7007907721774376
58.4002 10.612619537176213
58.4802 5.824555172879307
58.5602 7.113376324967251
58.6402 5.2878449549273325
58.7202 6.812072606810734
58.8002 7.517787368081755
58.8802 6.392465405743386
58.9602 7.004908614384444
59.0402 4.752676909192737
59.1202 6.763435977083337
59.2002 6.1762364141172945
59.2802 3.5723681939711587
59.3602 4.757797219234146
59.4402 6.448583152146961
59.5202 8.805665386378596
59.6002 8.919466068440922
59.6802 7.570608016065062
59.7602 7.215154510218219
59.8402 9.723124573107516
59.9202 6.779090924346884
60.0002 6.095048986945271
60.0802 7.476918021478688
60.1602 8.208096596692878
60.2402 11.042956289903426
60.3202 8.444818259635442
60.4002 7.902837981140334
60.4802 5.085918255570602
60.5602 7.588203141787798
60.6402 7.327709084294974
60.7202 4.567150784152851
60.8002 7.073319889991197
60.8802 3.6937919861810444
60.9602 9.515041046176204
61.0402 3.3413178855168137
61.1202 6.574753614055567
61.2002 4.808612231813626
61.2802 2.9149137136016448
61.3602 2.507913990595648
61.4402 2.50788688560071
61.5202 1.5612048391664823
61.6002 1.4285225273188273
61.6802 1.0787477236547887
61.7602 1.0071423022365331
61.8402 1.17336963526481
61.9202 1.5130528378075117
62.0002 0.7652559795307453
62.0802 1.8689220517395535
62.1602 2.053170767579406
62.2402 8.329740839854521
62.3202 8.375701695192332
62.4002 3.2128239357413957
62.4802 3.023161877232943
62.5602 8.33525922680122
62.6402 7.190565346292078
62.7202 7.323190786527049
62.8002 6.7865601295663005
62.8802 8.809361612219194
62.9602 9.047586786055339
63.0402 7.657539030608584
63.1202 5.3372305495787575
63.2002 9.072408936560395
63.2802 11.958731242593057
63.3602 4.060824616965163
63.4402 6.903894782835545
63.5202 4.857617051628317
63.6002 8.276371151767853
63.6802 10.799148979107347
63.7602 4.3133611004508845
63.8402 10.043128679385761
63.9202 10.386516013927762
64.0002 5.421978424722434
64.0802 9.137444794511582
64.1602 7.465790846897218
64.2402 8.086823654942664
64.3202 3.313031854570323
64.4002 2.9830531007413166
64.4802 3.845876394784869
64.5602 2.4576591610631384
64.6402 2.5511954390171248
64.7202 3.119686940329225
64.8002 4.052752191395604
64.8802 4.248072822148855
64.9602 4.236106836525478
65.0402 4.706950007118196
65.1202 7.76387146565425
65.2002 5.623690928624189
65.2802 7.754899292345982
65.3602 4.28589525991041
65.4402 4.092436042537868
65.5202 3.5683927883031883
65.6002 2.3840188324722704
65.6802 3.0847421530993913
65.7602 2.802957990346053
65.8402 7.767472204824836
65.9202 5.794624951295672
66.0002 5.9350422642219565
66.0802 4.01401468198005
66.1602 4.727839545654628
66.2402 7.147681413410155
66.3202 5.226371593413439
66.4002 7.576907535326829
66.4802 8.15849921956082
66.5602 6.38397467592583
66.6402 3.6535711260903065
66.7202 4.440507407045521
66.8002 4.80764635518565
66.8802 4.91126459298965
66.9602 3.4517150201906097
67.0402 6.352749431599237
67.1202 8.21141613413874
67.2002 3.772027500294441
67.2802 4.313864089829333
67.3602 5.94038869223923
67.4402 6.338445032683927
67.5202 5.97393078566404
67.6002 5.72071002021665
67.6802 7.006225417220298
67.7602 10.109192131577444
67.8402 7.03647859354899
67.9202 8.251945054389216
68.0002 7.667285723012952
68.0802 4.3628733992550135
68.1602 4.958421673870695
68.2402 6.596163452829142
68.3202 5.590070041410245
68.4002 5.060841821472508
68.4802 5.802499545032268
68.5602 7.09357586003704
68.6402 6.6353612457209845
68.7202 9.721903156199772
68.8002 7.658730553853065
68.8802 6.631378682549491
68.9602 8.146001622587864
69.0402 8.248092202800025
69.1202 6.463908399155312
69.2002 3.6249608262485595
69.2802 3.9832972696642694
69.3602 4.136214471915092
69.4402 7.211947956997606
69.5202 3.106609200411558
69.6002 3.8958179195681857
69.6802 4.360388118391414
69.7602 4.123083260983052
69.8402 5.625626575480977
69.9202 8.547026544941572
70.0002 7.247820602131465
70.0802 6.977395746598386
70.1602 4.7618019035227945
70.2402 4.698819294865744
70.3202 3.5429156420799215
70.4002 3.698986469459492
70.4802 7.962102683205314
70.5602 5.302999201659932
70.6402 4.485730551037296
70.7202 5.699210530141906
70.8002 8.653562935459664
70.8802 7.64535896122771
70.9602 5.750260003274852
71.0402 5.692974174904908
71.1202 7.659913488806948
71.2002 5.34962305404832
71.2802 5.66045803388598
71.3602 3.7554533749135595
71.4402 6.184218335094306
71.5202 5.920311417735371
71.6002 4.681543061162681
71.6802 4.72800259092958
71.7602 5.423207507536615
71.8402 6.454166964807004
71.9202 3.2690357154834593
72.0002 2.7168563971973603
72.0802 9.825422337535457
72.1602 9.1530150288139
72.2402 8.295223677805351
72.3202 5.638976250319205
72.4002 8.945295477044832
72.4802 9.007901613482787
72.5602 7.037981665356668
72.6402 7.940282084098528
72.7202 6.2128155805112115
72.8002 7.250775293008734
72.8802 8.121397802548007
72.9602 4.266343004666888
73.0402 8.397709871847777
73.1202 8.301705272491063
73.2002 3.681045986493799
73.2802 5.295336379451802
73.3602 8.146527963673645
73.4402 8.476841784354384
73.5202 6.85594340285718
73.6002 5.143463908552997
73.6802 4.478126841417947
73.7602 11.199032115040252
73.8402 7.729006566244834
73.9202 6.993121679579743
74.0002 6.648665435420749
74.0802 6.85340141974209
74.1602 7.738919930173553
74.2402 10.789008784821386
74.3202 6.262897067049496
74.4002 11.603379593603245
74.4802 4.4309789462074844
74.5602 9.102964014098365
74.6402 6.521873139783217
74.7202 5.267199556319562
74.8002 6.7276252078843015
74.8802 5.8367751971356565
74.9602 7.639573262889226
75.0402 5.219624426339194
75.1202 5.089702717207083
75.2002 5.632403649498993
75.2802 11.292938240506189
75.3602 9.99004962361613
75.4402 7.438814870212447
75.5202 3.8668083763731063
75.6002 4.966974333169546
75.6802 6.752988739021235
75.7602 3.4037513472243837
75.8402 4.264543147567095
75.9202 5.25888804411812
76.0002 3.5099299897244007
76.0802 3.724039740316076
76.1602 3.97883561061173
76.2402 3.0763967475885825
76.3202 2.9259351497857993
76.4002 1.8434679623435755
76.4802 5.088267919712175
76.5602 5.172503756453862
76.6402 5.223614017652855
76.7202 4.351672623818554
76.8002 5.753088921914458
76.8802 5.676121623214809
76.9602 6.63701244655135
77.0402 7.3708200928514644
77.1202 5.177083359356493
77.2002 6.8971743520843125
77.2802 8.348538123844436
77.3602 6.843661135162999
77.4402 6.381824141643569
77.5202 7.099946500794527
77.6002 7.1371828574914415
77.6802 9.644463987469166
77.7602 10.279734743448799
77.8402 6.924019414947484
77.9202 8.180671675614187
78.0002 7.419290588919117
78.0802 4.592631746484397
78.1602 7.0734923305788815
78.2402 9.494451977784983
78.3202 5.1060526612029244
78.4002 5.154314600861873
78.4802 0.6995623708889069
78.5602 1.2657269696473292
78.6402 1.7887764235882477
78.7202 1.1834831101315377
78.8002 2.7372442084958455
78.8802 1.7540948800639617
78.9602 1.5016631371020943
79.0402 0.8082149636206936
79.1202 0.8873896288374973
79.2002 0.7072007838995734
79.2802 1.6419974321833575
79.3602 0.6904917871532548
79.4402 1.4465428199832513
79.5202 0.7023383251168861
79.6002 0.952092903058731
79.6802 2.463103604864307
79.7602 2.5757014857927785
79.8402 1.659301750240487
79.9202 1.0598937541407234
80.0002 1.4679243627363383
80.0802 1.9042078309088215
80.1602 1.9620859359575202
80.2402 3.2455094532906754
80.3202 2.48029774074054
80.4002 0.5719945125679832
80.4802 0.7973832895750043
80.5602 1.236251782443798
80.6402 0.7090249081880708
80.7202 1.5091512232544366
80.8002 1.4944796590236564
80.8802 1.4317096444945792
80.9602 1.7850640325221445
81.0402 0.7121427449109452
81.1202 1.8489497215359305
81.2002 0.6680962510433498
81.2802 1.6743500252745165
81.3602 1.6796433030974176
81.4402 1.4878017076487433
81.5202 1.2347884448874218
81.6002 0.7151837159363337
81.6802 1.668168981670046
81.7602 0.9664905489147343
81.8402 1.8491838749561755
81.9202 1.5869387918484266
82.0002 1.6390412831636463
82.0802 1.9329900107977493
82.1602 1.0030330447226588
82.2402 0.9457473793789063
82.3202 0.9214587331122361
82.4002 1.4130774705329054
82.4802 1.6029296363164653
82.5602 0.7357910476684599
82.6402 0.7691025914529103
82.7202 1.057484318167964
82.8002 1.0543316944599517
82.8802 1.2520809792135823
82.9602 0.7741791733569409
83.0402 1.6962794445556049
83.1202 2.4944647000370344
83.2002 2.3012115056994706
83.2802 1.7723765777147038
83.3602 1.278000193001016
83.4402 0.6613545391422031
83.5202 0.4455084579588463
83.6002 0.5904567671227329
83.6802 1.1276861805418124
83.7602 1.3640000175664002
83.8402 1.7336390276621503
83.9202 1.4279140359680573
84.0002 1.683322332551965
84.0802 1.5518315967445824
84.1602 1.8241727881795076
84.2402 1.273032563392621
84.3202 0.7627295437285191
84.4002 0.9437546858544518
84.4802 1.8476176976735934
84.5602 6.139964080501865
84.6402 5.980112941735276
84.7202 4.935228743655039
84.8002 8.219057798293726
84.8802 8.217997281174908
84.9602 6.16072886808063
85.0402 2.9292604449294437
85.1202 7.5257595353811535
85.2002 5.900707621346664
85.2802 4.906567783752251
85.3602 6.134108403517833
85.4402 5.6293241856299305
85.5202 9.6840973904648
85.6002 9.583740681353015
85.6802 6.1224218432432975
85.7602 7.029741479518581
85.8402 8.114303181953861
85.9202 5.2786431195222105
86.0002 3.466473969510951
86.0802 6.209043701183853
86.1602 3.553799154661796
86.2402 8.092707538224397
86.3202 7.575279915474454
86.4002 4.679615986288654
86.4802 8.999218190093666
86.5602 8.604139660780744
86.6402 9.605391335697501
86.7202 7.306816167047699
86.8002 5.894649559554102
86.8802 4.897604434308537
86.9602 6.809523596142905
87.0402 6.159385085431867
87.1202 8.511294964477122
87.2002 9.343185587269042
87.2802 9.81783622281639
87.3602 11.399084823267215
87.4402 8.404896986065053
87.5202 6.135290154907813
87.6002 7.035117423466631
87.6802 3.8968307699743314
87.7602 4.230264433560696
87.8402 6.171786919820885
87.9202 8.436637901838477
88.0002 7.018174200027065
88.0802 7.780063182238747
88.1602 5.9017768993457365
88.2402 7.042041303706889
88.3202 6.816006899761457
88.4002 4.341526009043473
88.4802 7.661967619023264
88.5602 7.770651814212873
88.6402 9.800684612170627
88.7202 8.799735303489195
88.8002 9.692702732674963
88.8802 6.261754388526515
88.9602 6.952517218170385
89.0402 4.844876871472625
89.1202 10.191323450557295
89.2002 10.524321821242868
89.2802 5.926182349895994
89.3602 6.93805420493432
89.4402 6.606005482492023
89.5202 10.108600013861727
89.6002 7.961037137137418
89.6802 10.191115123158212
89.7602 3.503438313235167
89.8402 2.2270014984970965
89.9202 3.0746998397211343
90.0002 2.302749133561066
90.0802 8.099572718360522
90.1602 7.479813227534943
90.2402 4.719799303205117
90.3202 6.861651621177214
90.4002 6.369140736482454
90.4802 7.762806799889575
90.5602 8.443399351937407
90.6402 5.116639925000698
90.7202 6.9027282883727725
90.8002 5.315052360250277
90.8802 5.399216354269611
90.9602 3.9271189791968606
91.0402 3.039578016760963
91.1202 7.6519222380609
91.2002 8.191478694542015
91.2802 5.736069534571903
91.3602 8.96156715459337
91.4402 2.202894749081167
91.5202 3.8775771506623653
91.6002 4.594945422967159
91.6802 5.367519551418165
91.7602 5.948834549612072
91.8402 6.769269465145622
91.9202 5.336522225452274
92.0002 5.500556023983067
92.0802 4.999893279889291
92.1602 5.964364985693427
92.2402 6.687981287801453
92.3202 10.593566808799526
92.4002 7.371578514039478
92.4802 7.892401134563374
92.5602 7.554637280220549
92.6402 4.412264736819416
92.7202 4.970443299098156
92.8002 8.151488862933936
92.8802 7.631011377312081
92.9602 5.163640965945127
93.0402 6.921675492662998
93.1202 3.9037707265590886
93.2002 8.556417202424031
93.2802 9.060867995598956
93.3602 9.609021456532055
93.4402 7.281591512501958
93.5202 6.791292709547114
93.6002 6.745712730513868
93.6802 8.245923766895126
93.7602 10.267243067771147
93.8402 9.285757453220404
93.9202 6.637097141533425
94.0002 4.889787920304819
94.0802 10.598956136082322
94.1602 10.298722838667787
94.2402 6.6639487677690035
94.3202 7.4773975853844945
94.4002 9.206609083181498
94.4802 6.052240808682957
94.5602 4.632642783623659
94.6402 9.024617894866447
94.7202 11.207201579127416
94.8002 7.103036971507817
94.8802 5.751146213587909
94.9602 3.6210834253204722
95.0402 5.78602874389092
95.1202 4.374931500491256
95.2002 6.32671477372546
95.2802 6.599994981248972
95.3602 7.837059044226029
95.4402 5.89073196831074
95.5202 10.71806116918777
95.6002 8.089004820648846
95.6802 4.95964664113479
95.7602 7.569597018953834
95.8402 9.467331738898471
95.9202 6.2358585986941195
96.0002 4.694103138793056
96.0802 9.274020618559584
96.1602 6.474883717806138
96.2402 6.353056179347637
96.3202 6.895357606811622
96.4002 6.852647214327486
96.4802 5.265587186883608
96.5602 6.39846376719159
96.6402 10.33123186780043
96.7202 8.023011644486592
96.8002 6.248817627774505
96.8802 8.184666777831577
96.9602 5.46747167651816
97.0402 8.696661917100238
97.1202 9.581152893687197
97.2002 7.457925645544287
97.2802 5.829659764208574
97.3602 6.979796337756142
97.4402 4.917298600379774
97.5202 5.954408595261394
97.6002 3.6989823654672334
97.6802 9.356021611188524
97.7602 5.214866568591445
97.8402 5.510326612253864
97.9202 6.0443568971361294
98.0002 6.137159798227755
98.0802 8.865248362325245
98.1602 4.268549814550174
98.2402 6.686142829548905
98.3202 6.737201676689726
98.4002 7.439449552316157
98.4802 5.117177989367953
98.5602 3.9360281175686884
98.6402 7.7959907320237365
98.7202 5.5126685341308965
98.8002 6.556528262073385
98.8802 6.198649170584281
98.9602 4.47638934341926
99.0402 5.436785552194827
99.1202 7.890601031125642
99.2002 3.7939804397021444
99.2802 5.419096795274649
99.3602 7.220533823323391
99.4402 8.886189940686025
99.5202 5.662988633902043
99.6002 8.438864756906876
99.6802 7.341053346759459
99.7602 5.081801973614705
99.8402 4.98470970023035
99.9202 3.919703158126323
100.0002 8.71675377989592
100.0802 5.445718040418972
100.1602 8.429483926442288
100.2402 5.396040758577128
100.3202 8.174600095317619
100.4002 7.635832458505892
100.4802 4.596986336176335
100.5602 5.662348749379572
100.6402 8.216727978705043
100.7202 7.307231263439862
100.8002 8.531087735510395
100.8802 4.449806352146973
100.9602 5.725714667743076
101.0402 5.4648272771604915
101.1202 4.794863857371891
101.2002 5.882268606783721
101.2802 4.88770762032163
101.3602 8.709174016728607
101.4402 4.968038214909749
101.5202 7.069725006714012
101.6002 4.096230134503652
101.6802 9.090723182297129
101.7602 4.65540748038647
101.8402 5.623199245506702
101.9202 5.2771788376956605
102.0002 6.364853956489248
102.0802 5.0871954117903275
102.1602 8.633566348426442
102.2402 7.33310505074279
102.3202 6.721516952960833
102.4002 9.154895062964632
102.4802 6.827801750602668
102.5602 6.607233084457395
102.6402 6.918558335350839
102.7202 3.3645105971793576
102.8002 6.16716893703526
102.8802 5.0737246011699755
102.9602 6.914707494548955
103.0402 7.192552410202537
103.1202 7.485178475907383
103.2002 5.304654818082973
103.2802 7.356836141483709
103.3602 8.980647375449584
103.4402 8.801118532125507
103.5202 8.64763304358753
103.6002 2.9109094617875626
103.6802 3.820452507483372
103.7602 5.068750499619724
103.8402 7.059708360735599
103.9202 7.2095550786394265
104.0002 4.636461531282118
104.0802 4.660243631930906
104.1602 5.742738324168068
104.2402 3.4194786955887047
104.3202 4.0129636732227825
104.4002 1.5406775942229165
104.4802 1.387066696873577
104.5602 1.3402434952570341
104.6402 1.3795553879019706
104.7202 1.6419232359478861
104.8002 2.114978716697559
104.8802 1.4843682395868456
104.9602 1.1287403034984245
105.0402 0.8407082856243939
105.1202 0.6300237657363454
105.2002 1.42583348857947
105.2802 1.440375015810311
105.3602 0.7159710854885878
105.4402 1.990490507732554
105.5202 0.8009089947478053
105.6002 3.557568245112077
105.6802 2.8874231696069774
105.7602 2.3352110373370323
105.8402 2.235956281058038
105.9202 1.7412793685133838
106.0002 1.3788124628139442
106.0802 1.1521374020353754
106.1602 1.2267179948119675
106.2402 0.7387669959424297
106.3202 0.7582666066853945
106.4002 0.9497123747477503
106.4802 1.108965466814651
106.5602 2.6952844406763643
106.6402 2.4802361546242135
106.7202 0.9604251149021844
106.8002 0.8491783502150547
106.8802 1.6342318559597473
106.9602 1.3178756478947007
107.0402 1.6988733314705047
107.1202 1.8776793213173797
107.2002 0.7101589547817112
107.2802 2.2387451667011447
107.3602 1.2469598343927724
107.4402 0.8830380843550233
107.5202 1.0179004767862636
107.6002 1.5219959606973976
107.6802 1.9182997914387132
107.7602 1.784841414515749
107.8402 1.8843592512038034
107.9202 0.9802234133250748
108.0002 1.7340880059568529
108.0802 1.7787063623178516
108.1602 1.783907745719818
108.2402 1.45815092607686
108.3202 1.2140426425063109
108.4002 1.639362799513349
108.4802 0.9645841590507439
108.5602 3.2959996581371427
108.6402 1.358127671330556
108.7202 3.3388724995634442
108.8002 7.8628825317754165
108.8802 5.771004355708284
108.9602 4.939337224936415
109.0402 9.959759828321662
109.1202 4.949356858463727
109.2002 4.525038997560805
109.2802 1.373418462131374
109.3602 1.8324629736425675
109.4402 2.14195179334534
109.5202 1.8817144937323953
109.6002 1.3456649537704424
109.6802 2.2996342578516606
109.7602 4.433217868896964
109.8402 1.0127390437056358
109.9202 0.9715706078955579
110.0002 4.879678560644132
110.0802 2.2670434754000293
110.1602 2.9404673987812373
110.2402 7.391739250728171
110.3202 6.789820065478258
110.4002 6.859619701308604
110.4802 7.133758050709931
110.5602 3.658278369562277
110.6402 6.8445829169820875
110.7202 4.411256742219521
110.8002 5.247504811229477
110.8802 4.5392734079804775
110.9602 1.9540394526761948
111.0402 5.518590827873748
111.1202 6.542260591370721
111.2002 4.280100009883763
111.2802 10.43103049821569
111.3602 9.271349517337983
111.4402 6.477445074441685
111.5202 5.900078620068982
111.6002 5.36370047732847
111.6802 8.223794232811278
111.7602 8.353686414280432
111.8402 6.377763721671029
111.9202 8.121645848699533
112.0002 9.705433742409758
112.0802 7.262292401604957
112.1602 5.405557615853801
112.2402 9.162128072867372
112.3202 8.220596950958923
112.4002 7.291590441601631
112.4802 11.628077971246148
112.5602 10.77564809892716
112.6402 6.148568331428535
112.7202 4.949786960713825
112.8002 3.8979341615730907
112.8802 6.336067456167958
112.9602 2.801399747180904
113.0402 2.677647249497589
113.1202 1.905918019911308
113.2002 2.836592845906422
113.2802 3.028910265103448
113.3602 6.553305560994071
113.4402 6.597016518105005
113.5202 5.7636604431218394
113.6002 6.420345868256557
113.6802 8.311236263579836
113.7602 5.854308914765835
113.8402 6.827223350902679
113.9202 6.63672422452821
114.0002 4.371348841811449
114.0802 3.581824497409517
114.1602 2.6595447925440263
114.2402 4.736307118905823
114.3202 3.9993537214763286
114.4002 3.521038568568152
114.4802 4.288390250403848
114.5602 5.795380466366817
114.6402 7.452523398436995
114.7202 8.727984343797889
114.8002 8.033627076539195
114.8802 5.531413112560172
114.9602 6.096464126795278
115.0402 7.329274866259824
115.1202 9.008158875477248
115.2002 7.525287608962925
115.2802 4.477807958828212
115.3602 7.507460235015932
115.4402 6.543210816843414
115.5202 8.779594205680812
115.6002 8.389787110510113
115.6802 8.035362680310593
115.7602 4.845165128375347
115.8402 5.432660845185821
115.9202 5.651710456370134
116.0002 4.717060206581487
116.0802 4.292589506276177
116.1602 9.236585257807535
116.2402 7.429143607552361
116.3202 6.5807144324319164
116.4002 6.465447450648944
116.4802 7.721369615072202
116.5602 8.340983667430235
116.6402 5.8377345281755195
116.7202 5.542868299070366
116.8002 7.064950893450783
116.8802 10.957578735016261
116.9602 0.9859737704306512
117.0402 5.916937803917524
117.1202 7.350982275941809
117.2002 9.658480511927158
117.2802 11.649796330521626
117.3602 6.780350220231256
117.4402 8.460243030586042
117.5202 4.073688302098501
117.6002 9.065835144176344
117.6802 7.62424649149611
117.7602 7.313223774602122
117.8402 6.211555712338874
117.9202 8.844882387303386
118.0002 4.973893210392604
118.0802 4.068231349937321
118.1602 5.128817408789811
118.2402 6.248777122950008
118.3202 5.094757987551844
118.4002 6.2802030415129035
118.4802 7.471821089974291
118.5602 8.324030872107386
118.6402 7.468747309565296
118.7202 7.420133738929276
118.8002 9.52486294246497
118.8802 8.85773250036897
118.9602 5.317909495045749
119.0402 6.385626510325842
119.1202 8.573897426451618
119.2002 6.162026421850134
119.2802 4.602089326123018
119.3602 8.474725359225838
119.4402 8.162790286630573
119.5202 6.828489867942082
119.6002 9.280898074205664
119.6802 5.899192156857428
119.7602 7.325338742894492
119.8402 7.439749700909679
119.9202 6.694533343952553
120.0002 6.767981267510456
120.0802 5.065000265545062
120.1602 6.169821268305748
120.2402 9.689773138619415
120.3202 5.30571409324725
120.4002 6.128852732052548
120.4802 4.566824609678449
120.5602 6.15472753559545
120.6402 7.584669868485827
120.7202 8.98855066312349
120.8002 6.798564717898368
120.8802 8.442127068161694
120.9602 7.410210567303987
121.0402 3.2928839666120737
121.1202 1.874129460737559
121.2002 4.427855999237768
121.2802 2.848638136944032
121.3602 6.5450080076595025
121.4402 6.033394862079516
121.5202 6.149612640767331
121.6002 2.5779772838435835
121.6802 4.0075085869016585
121.7602 6.240589320444906
121.8402 10.155860347510187
121.9202 6.374787070735656
122.0002 5.0542837986752485
122.0802 5.159467537992027
122.1602 9.358544311132478
122.2402 7.043480316378348
122.3202 8.823247357596248
122.4002 6.196668430477286
122.4802 0.7648923534484493
122.5602 2.703325958565549
122.6402 3.2246336605308143
122.7202 6.2000926969316446
122.8002 5.147687447552836
122.8802 3.2663102856385895
122.9602 7.667499304850508
123.0402 7.362671610188428
123.1202 7.955710934929634
123.2002 3.05304014513877
123.2802 4.60893788821465
123.3602 4.752186650786161
123.4402 9.827361060172514
123.5202 12.734184862166472
123.6002 4.5489030622669135
123.6802 9.891120453075205
123.7602 7.393443821166594
123.8402 7.376418962365637
123.9202 5.688177609702116
124.0002 7.548501278780085
124.0802 2.942201867600591
124.1602 7.624203433313087
124.2402 7.2375421185010325
124.3202 7.9252223056744295
124.4002 6.129836763186053
124.4802 7.514843276203631
124.5602 7.224328654133794
124.6402 6.974056247245533
124.7202 6.164470766951233
124.8002 2.0904140379418545
124.8802 8.871040615243059
124.9602 5.879819273366827
125.0402 6.525748912391431
125.1202 7.838413719057424
125.2002 5.171416375968798
125.2802 9.26436554577674
125.3602 5.937028407602175
125.4402 7.978505957718227
125.5202 8.949667092626033
125.6002 6.162619743382003
125.6802 6.08793100899692
125.7602 5.579018416020761
125.8402 5.367032241254329
125.9202 9.80658348140849
126.0002 5.101454744268516
126.0802 6.874810912125865
126.1602 5.860187096597154
126.2402 6.434323331117171
126.3202 2.8361639843584263
126.4002 8.231727553334096
126.4802 6.503659283025203
126.5602 7.057114985285484
126.6402 6.615659103198727
126.7202 8.68506062072072
126.8002 7.245894728926529
126.8802 5.1374511262791565
126.9602 6.816049632016972
127.0402 6.6272616893696465
127.1202 6.663377145660018
127.2002 10.26092605742577
127.2802 4.542108462754831
127.3602 5.327816644003849
127.4402 7.525881371952933
127.5202 6.829404556156429
127.6002 7.274187392277646
127.6802 6.473539430067781
127.7602 6.403968166679561
127.8402 5.8136936662190974
127.9202 8.670109456989689
128.0002 8.02120290710162
128.0802 1.6125084443878812
128.1602 0.601844894280346
128.2402 1.5000309361434592
128.3202 1.5508881108247705
128.4002 0.7856473945007209
128.4802 0.6848538160977475
128.5602 0.8142083822627457
128.6402 1.0506618227144613
128.7202 1.846729098181023
128.8002 0.7134236696350283
128.8802 1.6860636830645435
128.9602 0.6332281379942654
129.0402 0.8307954316025645
129.1202 1.6637074808669596
129.2002 0.6059130631563266
129.2802 1.9757371584854762
129.3602 1.2234622783373117
129.4402 1.47702427368615
129.5202 1.7419049120117958
129.6002 0.9704990049201005
129.6802 1.9688703534592875
129.7602 1.9376120345593923
129.8402 3.3174098341407787
129.9202 6.3831832504747394
130.0002 7.312734525315919
130.0802 8.304384415271228
130.1602 4.3611741291197195
130.2402 1.1338454859776999
130.3202 4.983520103880806
130.4002 7.4104493839646475
130.4802 3.5891081437246104
130.5602 1.7829471783410773
130.6402 7.829853522761806
130.7202 8.843258825733983
130.8002 7.80072106352352
130.8802 5.344710471089673
130.9602 6.690273043458271
131.0402 7.624282556563992
131.1202 6.34607454837444
131.2002 7.190620453317494
131.2802 5.957463835783913
131.3602 7.882636455508087
131.4402 7.236279727360127
131.5202 4.562594954005428
131.6002 6.402056415011205
131.6802 10.105260179409312
131.7602 9.315900582654908
131.8402 5.4268712063356475
131.9202 8.400123463945096
132.0002 7.367410293246642
132.0802 4.634963294992568
132.1602 5.94217789074714
132.2402 9.089466573772782
132.3202 5.620706710689683
132.4002 6.490823384538301
132.4802 5.6907290363904925
132.5602 6.390622035173152
132.6402 2.460268845211933
132.7202 4.144057134671773
132.8002 5.984852102806378
132.8802 2.016677521656804
132.9602 5.665303624115857
133.0402 7.30958696730101
133.1202 4.234815398354473
133.2002 6.474376517362129
133.2802 10.350855562119571
133.3602 10.906281505997965
133.4402 7.548190787755809
133.5202 6.494306747703489
133.6002 7.8707868239668475
133.6802 6.418925405286945
133.7602 3.8848408062948954
133.8402 8.076196106057095
133.9202 6.178806837160041
134.0002 8.720724344382768
134.0802 6.673130117109823
134.1602 6.1605554899772885
134.2402 6.2404904100422645
134.3202 9.46169868425183
134.4002 5.924358010304591
134.4802 7.46529687916565
134.5602 7.8506392605093644
134.6402 5.688745811439876
134.7202 9.184124948224575
134.8002 0.7607505181448444
134.8802 1.1235366306126866
134.9602 1.6395499684576558
135.0402 1.7019337359776014
135.1202 3.7956094639651536
135.2002 5.010273380980757
135.2802 6.359505601035852
135.3602 8.276876698845506
135.4402 7.918678869289302
135.5202 5.806197617073834
135.6002 7.6977918324730465
135.6802 7.292613617789079
135.7602 4.7205234120563135
135.8402 5.823470987179627
135.9202 5.220987127645746
136.0002 6.336361640670402
136.0802 7.834983222280278
136.1602 6.598308901273537
136.2402 7.203661793453342
136.3202 8.166550236636175
136.4002 7.123157705985235
136.4802 3.6392904811249527
136.5602 3.5041306274566937
136.6402 4.1730815380905195
136.7202 3.8735294101758964
136.8002 4.463190000363933
136.8802 3.579007482667779
136.9602 5.21746340103742
137.0402 5.020176617423833
137.1202 5.9420179675718625
137.2002 4.816329729354777
137.2802 6.697581049890679
137.3602 3.536200618918441
137.4402 3.9156230723329135
137.5202 6.096410606599422
137.6002 7.551981922452233
137.6802 4.623716539965013
137.7602 5.948355114719272
137.8402 5.619128274417793
137.9202 6.432571960874487
138.0002 3.9945409520342516
138.0802 3.444114726946918
138.1602 1.6284490518578396
138.2402 1.2304902411691703
138.3202 1.8534522238672602
138.4002 1.7153137275637118
138.4802 0.9489199322391074
138.5602 0.9499723725543232
138.6402 0.9946681154245846
138.7202 0.7099858838229132
138.8002 0.7365446003486192
138.8802 0.6011352728223767
138.9602 1.061869903266067
139.0402 1.154851961896511
139.1202 0.7560608534848459
139.2002 0.9035184024667217
139.2802 1.3790347651153199
139.3602 0.7694531224263506
139.4402 1.5231920180596155
139.5202 1.92262165184271
139.6002 0.6877180582130918
139.6802 1.9660797134728967
139.7602 0.621710470163812
139.8402 1.112264340691692
139.9202 1.5354399506943879
140.0002 2.180440849350177
140.0802 0.7732641243311502
140.1602 0.5217666460424504
140.2402 1.469212436706595
140.3202 1.5454370056284334
140.4002 1.6270916148241217
140.4802 1.8688931700240528
140.5602 1.2928872731245922
140.6402 0.8921185540348517
140.7202 0.6877724561778681
140.8002 0.40620480098189765
140.8802 1.9908738271309634
140.9602 1.8538295127011928
141.0402 1.1194667013941506
141.1202 0.902328700396676
141.2002 0.7528212349694924
141.2802 4.243797039141977
141.3602 8.21592451583065
141.4402 4.320737946612972
141.5202 2.734043962796672
141.6002 7.107057685438403
141.6802 10.3463362420348
141.7602 6.488805319321529
141.8402 4.936640227490178
141.9202 8.368123806149946
142.0002 1.7983419972450212
142.0802 2.010945337305506
142.1602 1.4272381327971102
142.2402 3.906562826750504
142.3202 5.531475611980731
142.4002 6.618844198652784
142.4802 5.5304373755969145
142.5602 5.150476597257707
142.6402 5.397525008614564
142.7202 6.957750009701378
142.8002 7.234408179575705
142.8802 4.511899589711224
142.9602 6.98588222729854
143.0402 9.14441347105815
143.1202 8.455834494302556
143.2002 6.664537418683046
143.2802 6.168967624033791
143.3602 6.764716603834475
143.4402 7.098804744174564
143.5202 5.808192975095584
143.6002 10.544842470321074
143.6802 9.486819110258693
143.7602 7.912538252680954
143.8402 6.425020220498417
143.9202 8.479838383092703
144.0002 7.739128367335664
144.0802 6.649247353746791
144.1602 9.481339566485957
144.2402 8.2595464850319
144.3202 2.7795626892383827
144.4002 6.310271173321944
144.4802 8.111224382971386
144.5602 7.389958256773838
144.6402 5.474789556134173
144.7202 5.554422703789815
144.8002 6.244131254112421
144.8802 5.581507785241354
144.9602 6.022525263914033
145.0402 7.450047046730423
145.1202 4.5560894025937175
145.2002 1.5398311593505016
145.2802 2.5807430612824906
145.3602 1.864968860168541
145.4402 0.7006540996163717
145.5202 1.4163169879903894
145.6002 0.7661373318846219
145.6802 1.8374596037671045
145.7602 0.9874098438894907
145.8402 0.7692483909878971
145.9202 1.7596047339063634
146.0002 3.037024697730326
146.0802 2.983321678922532
146.1602 1.4455862169332376
146.2402 0.7223548611870096
146.3202 0.6283045791018496
146.4002 1.1116340247873793
146.4802 2.068947371387185
146.5602 2.4666580010049497
146.6402 1.3308881650275408
146.7202 1.2653758035685196
146.8002 0.9961303632297858
146.8802 0.9172023739738578
146.9602 0.5543968395470494
147.0402 0.7370672460449426
147.1202 0.7686135640271955
147.2002 0.7960662873475159
147.2802 0.5835089036336026
147.3602 0.879420177877145
147.4402 1.0357975441058795
147.5202 1.3089136159110197
147.6002 1.0283072695459403
147.6802 2.0750456872658534
147.7602 1.8347847543016604
147.8402 1.7773257333074706
147.9202 1.6065523365155678
148.0002 0.6226892602074402
148.0802 1.0272267935140262
148.1602 1.1311076913947826
148.2402 0.8356224020146359
148.3202 0.7276462351438744
148.4002 0.6544676946529262
148.4802 0.6495042543028802
148.5602 0.7263852006333013
148.6402 1.6908093732586509
148.7202 1.7131409643697955
148.8002 0.8270185839614047
148.8802 0.5958812022299435
148.9602 1.0992158892829065
149.0402 1.8802232701068733
149.1202 1.9526890385155073
149.2002 0.8806465959311089
149.2802 5.930762836016004
149.3602 5.2316074619287
149.4402 7.425466205063372
149.5202 8.692398769559459
149.6002 5.018192336240267
149.6802 8.515693691116228
149.7602 5.4967614335918435
149.8402 8.191206538060733
149.9202 7.515107182457103
150.0002 8.609141286687155
150.0802 6.3643071443668155
150.1602 8.01250350201317
150.2402 7.448480901642984
150.3202 4.3766356610198915
150.4002 7.199898201292403
150.4802 7.85372982902911
150.5602 7.4203395844237034
150.6402 7.960335162564835
150.7202 6.892236719553587
150.8002 6.505913271821875
150.8802 3.8124669253397556
150.9602 8.800677160554514
151.0402 9.314817413314893
151.1202 10.181883972873672
151.2002 8.774654914385675
151.2802 6.497997386463523
151.3602 4.590807943182317
151.4402 4.386132464736862
151.5202 5.4817880048693155
151.6002 8.821743190741946
151.6802 2.325184206881056
151.7602 7.838787843687973
151.8402 6.576085162203805
151.9202 8.926417270153186
152.0002 5.007024875438619
152.0802 7.059900517686957
152.1602 6.687637468104273
152.2402 5.258447148132111
152.3202 7.724377039985819
152.4002 5.637152449809103
152.4802 3.545583822408153
152.5602 3.565304241008281
152.6402 6.714231161209684
152.7202 8.316278760319445
152.8002 4.98958617190102
152.8802 6.757414453806929
152.9602 6.027576444884367
153.0402 6.793492551469657
153.1202 8.180982069728115
153.2002 1.7805034404054327
153.2802 2.0841207986214534
153.3602 8.725616158398024
153.4402 5.688483559497861
153.5202 7.283700713580983
153.6002 4.90129386349988
153.6802 7.288488143754384
153.7602 4.951529714724802
153.8402 6.305416818620551
153.9202 6.080265491790764
154.0002 8.281257954421516
154.0802 5.0618294912890285
154.1602 5.807091660422816
154.2402 6.1913526364040266
154.3202 10.145922450469042
154.4002 7.150305440423564
154.4802 7.204893364602728
154.5602 6.333310730617508
154.6402 4.9238947583214685
154.7202 5.893449211763346
154.8002 11.64769148135131
154.8802 8.400245699705064
154.9602 8.476803631054741
155.0402 7.261592979970362
155.1202 5.901634567213471
155.2002 6.3732392935611815
155.2802 8.18258971080154
155.3602 7.002152573935372
155.4402 6.30306781336935
155.5202 6.743734217756454
155.6002 7.708687418476955
155.6802 5.102679210224026
155.7602 6.235874241046551
155.8402 8.293778683473622
155.9202 7.602856717387471
156.0002 6.36551858582507
156.0802 8.293753382314652
156.1602 9.007587874382727
156.2402 6.186385084673624
156.3202 6.0022467140078755
156.4002 7.576666964314243
156.4802 6.032924584339679
156.5602 6.455691524418178
156.6402 8.154154215503151
156.7202 8.096904685541373
156.8002 6.822799956522958
156.8802 7.330177114321437
156.9602 5.210262860910687
157.0402 6.045495242858428
157.1202 3.1277728959162077
157.2002 3.394934932142193
157.2802 3.2253826929382954
157.3602 2.5433734921977695
157.4402 2.522584343736691
157.5202 1.699132405927598
157.6002 1.046124385323015
157.6802 1.1528026834725724
157.7602 1.0844742639320537
157.8402 1.021670152116293
157.9202 0.7015375538281708
158.0002 1.0434546186905593
158.0802 1.7137212181636814
158.1602 1.2574283822742265
158.2402 1.582462409184691
158.3202 2.04608073790716
158.4002 0.8681419471148305
158.4802 0.832464896824155
158.5602 0.7444818343928384
158.6402 0.6519601258553052
158.7202 1.9819222643789716
158.8002 1.9072236272384522
158.8802 1.3327495276919192
158.9602 1.3581062718392396
159.0402 4.639651519297174
159.1202 6.674373315587548
159.2002 10.730664912601032
159.2802 13.269617317291933
159.3602 7.550691139863812
159.4402 4.619624866803129
159.5202 7.268107193809697
159.6002 4.385704049044535
159.6802 4.069792260118962
159.7602 6.322628748215872
159.8402 6.6674252179561755
159.9202 5.047596716092833
160.0002 5.524054762031185
160.0802 2.7297588668055472
160.1602 3.4899394032016886
160.2402 3.024533534370799
160.3202 2.295199047527835
160.4002 1.2794306361785919
160.4802 2.6712003235584305
160.5602 7.267111710940898
160.6402 9.037362429667295
160.7202 7.438342873409396
160.8002 7.6270325829420536
160.8802 8.45778930074238
160.9602 4.582825655351358
161.0402 9.287739868663998
161.1202 7.035666583726559
161.2002 8.224909578141506
161.2802 7.777636166203169
161.3602 5.822978452072345
161.4402 6.107917776480333
161.5202 12.05984075552382
161.6002 11.029606203798878
161.6802 7.653803758491219
161.7602 5.60661045054884
161.8402 3.082848216683847
161.9202 2.1808287219431346
162.0002 1.4514114106835356
162.0802 0.6339868784626176
162.1602 1.5817133408451443
162.2402 1.5087635911139987
162.3202 1.4948513819809766
162.4002 2.527951950729919
162.4802 0.5776197532039463
162.5602 1.9509203165002438
162.6402 0.8817498222888912
162.7202 1.5941075292070572
162.8002 1.6417013222200547
162.8802 1.0468092744090858
162.9602 1.4520285368792494
163.0402 0.906430422787213
163.1202 1.9649662676610458
163.2002 2.0560803719858116
163.2802 1.9423149784659917
163.3602 1.448142449695883
163.4402 0.9908800308512767
163.5202 0.8307192647405307
163.6002 0.6145601856295382
163.6802 0.9243986599946276
163.7602 0.6430608861714675
163.8402 0.6161914864696382
163.9202 1.6728947655206983
164.0002 0.7652969633969151
164.0802 1.5926330556610755
164.1602 1.2402073551918622
164.2402 1.8000996641582427
164.3202 1.6848370235268597
164.4002 1.4105082195254193
164.4802 1.2880385937372394
164.5602 1.6184441992097416
164.6402 1.60773179158946
164.7202 1.5104015744911636
164.8002 1.0180866782488676
164.8802 1.1308159503343451
164.9602 1.1826740410426277
165.0402 0.9168165874676644
165.1202 1.0751089543489585
165.2002 0.9216047754927009
165.2802 1.872033662817917
165.3602 1.6777509716556664
165.4402 0.6276649106752659
165.5202 1.1938418889047726
165.6002 2.9261207571843864
165.6802 1.411964520945749
165.7602 0.7114657184726398
165.8402 4.536979729420791
165.9202 2.1632063975192164
166.0002 1.7668499572671574
166.0802 6.942032565736393
166.1602 10.015516198305557
166.2402 5.985961979334303
166.3202 7.237759114500494
166.4002 4.516162545506723
166.4802 4.446205538942683
166.5602 6.316879772490247
166.6402 3.590472918778249
166.7202 6.253167335099974
166.8002 6.469954867353525
166.8802 4.4071678442150075
166.9602 6.637679694552868
167.0402 7.259635050266039
167.1202 7.492508635077071
167.2002 6.6644173902279675
167.2802 6.233521253592763
167.3602 7.285563333993993
167.4402 7.028002865912417
167.5202 8.695840283175437
167.6002 5.016960795439487
167.6802 6.1517110559344985
167.7602 8.592253432894017
167.8402 5.332339219263311
167.9202 9.518131467137342
168.0002 7.734020540882444
168.0802 6.406331452074574
168.1602 6.661249155554904
168.2402 10.57355096314789
168.3202 7.398235592131303
168.4002 6.959320205502701
168.4802 7.865243380872204
168.5602 5.941461230317581
168.6402 8.371384047519483
168.7202 2.5824939132294085
168.8002 2.5402844655359136
168.8802 4.979877854908071
168.9602 4.763265570705774
169.0402 3.612007608028643
169.1202 3.788778394811268
169.2002 3.1312134563541956
169.2802 7.824489708470732
169.3602 5.897510473857831
169.4402 9.20763918633547
169.5202 10.76660839173195
169.6002 6.859849452238421
169.6802 7.073941358624062
169.7602 4.919212393151014
169.8402 7.483760931255388
169.9202 8.048972239002602
170.0002 5.838293309490404
170.0802 6.574243908247114
170.1602 4.131994250404469
170.2402 5.82458793901758
170.3202 7.5194225441140565
170.4002 8.331447641564866
170.4802 8.798513160519247
170.5602 6.277051369474519
170.6402 9.447609919430558
170.7202 6.248906804204676
170.8002 5.163408639770961
170.8802 6.2035086494956975
170.9602 7.294333007422253
171.0402 8.241964358720514
171.1202 4.981360324358405
171.2002 5.237108951711152
171.2802 6.987895331076606
171.3602 7.312505932165661
171.4402 4.562611706064734
171.5202 6.950298433157315
171.6002 6.285282968749776
171.6802 6.6918210393788975
171.7602 7.774989729688725
171.8402 7.688550066337492
171.9202 6.1201012783694635
172.0002 5.001571646046631
172.0802 6.78443359607666
172.1602 4.298677369372419
172.2402 6.552512815736892
172.3202 8.970068649450592
172.4002 5.492756165085034
172.4802 7.779699926383747
172.5602 6.953549791246704
172.6402 8.566047689911043
172.7202 7.327257204501475
172.8002 5.534934642114578
172.8802 5.839093791220407
172.9602 8.396088930053265
173.0402 4.06221391991322
173.1202 6.324656107663234
173.2002 7.388551504469738
173.2802 5.7092395112248076
173.3602 6.066830971520266
173.4402 5.581955102588385
173.5202 8.028059695201572
173.6002 4.912079283301208
173.6802 10.04155783679283
173.7602 10.195767363428054
173.8402 2.923197884253799
173.9202 6.585384275853426
174.0002 8.011185870824013
174.0802 8.199532019020696
174.1602 4.895936056637655
174.2402 5.8353282728967075
174.3202 9.144596861469944
174.4002 8.941992570976613
174.4802 6.643181815990116
174.5602 6.101559296017212
174.6402 7.463847022963074
174.7202 8.140530161369467
174.8002 7.99473977801146
174.8802 13.007611048660113
174.9602 11.6963713467714
175.0402 10.740537101377422
175.1202 7.779316754364435
175.2002 6.790772992252258
175.2802 9.307343077724305
175.3602 5.316975490462282
175.4402 10.775887592870506
175.5202 6.256557902335308
175.6002 4.953387347851193
175.6802 5.905261607905446
175.7602 1.6153428957054707
175.8402 3.8249194459356195
175.9202 7.456778376266531
176.0002 4.778717692801266
176.0802 6.472077232897329
176.1602 6.935611448571244
176.2402 5.924090810007693
176.3202 9.079469986402511
176.4002 8.953309886190238
176.4802 7.071824838185518
176.5602 7.123642730555264
176.6402 9.608305306966525
176.7202 6.1605462743983415
176.8002 5.119309421999059
176.8802 4.306636123818988
176.9602 3.3728678779044046
177.0402 1.3193413016195465
177.1202 9.447617144301201
177.2002 5.291352395000144
177.2802 6.251365014851561
177.3602 7.283196092779949
177.4402 6.788459436241879
177.5202 7.600154470140769
177.6002 6.263345871128944
177.6802 7.320241913137869
177.7602 7.917814582519554
177.8402 4.3180865897388365
177.9202 5.4747121950222155
178.0002 5.416266748082186
178.0802 5.918832905309561
178.1602 5.870544786977745
178.2402 10.556610957221459
178.3202 12.690523118532136
178.4002 11.528892412109732
178.4802 6.9230638301983
178.5602 6.676335850816261
178.6402 6.7859679819461025
178.7202 6.690761711668098
178.8002 5.669256919488008
178.8802 7.16100544532249
178.9602 5.750614246407317
179.0402 6.7347638008483175
179.1202 6.896425495113536
179.2002 6.387258937543014
179.2802 8.381093493708436
179.3602 8.831090171848714
179.4402 9.139185692056591
179.5202 5.338981154420349
179.6002 4.160968770496911
179.6802 5.333274731592778
179.7602 7.663084791618288
179.8402 5.295432706057619
179.9202 6.60407176890522
180.0002 4.589292739205166
180.0802 5.330677659313085
180.1602 6.585806580014505
180.2402 8.469415258205798
180.3202 10.554864050043363
180.4002 8.302365648993241
180.4802 5.7114156104868
180.5602 9.572410258285379
180.6402 6.440812747937557
180.7202 6.912539771132017
180.8002 9.627851124568087
180.8802 7.08787914717599
180.9602 4.42294723103737
181.0402 3.164208414523916
181.1202 3.905722542302492
181.2002 3.1225259502032428
181.2802 5.745938504908706
181.3602 5.408367576146303
181.4402 6.412373050330393
181.5202 3.418058272747191
181.6002 4.3166248407049
181.6802 2.6630907783880535
181.7602 5.509270059848384
181.8402 4.217858786527059
181.9202 5.622128513555486
182.0002 1.9493443472075689
182.0802 7.703660295924761
182.1602 8.426602254530478
182.2402 6.246723208609028
182.3202 8.72907656826576
182.4002 7.901934019761781
182.4802 5.164873889884191
182.5602 4.331987464584417
182.6402 5.216407810123127
182.7202 7.641765841291149
182.8002 8.466311576169566
182.8802 6.536241600035816
182.9602 5.485292334074476
183.0402 3.702453865740657
183.1202 6.354662092017572
183.2002 8.76353795160689
183.2802 8.853283532662735
183.3602 5.218558605779582
183.4402 6.233711012515456
183.5202 6.425946059114271
183.6002 5.590172570191665
183.6802 6.873913412374656
183.7602 7.061354516938276
183.8402 6.197011644783392
183.9202 5.824269479072084
184.0002 3.298641660088245
184.0802 8.807407327461991
184.1602 5.754602614232954
184.2402 6.934704983952778
184.3202 8.663987416663637
184.4002 6.204933793216872
184.4802 6.676387068227508
184.5602 4.520771448363343
184.6402 7.210805238508749
184.7202 6.5211389565953155
184.8002 4.1350149087868
184.8802 4.969082551895079
184.9602 1.591258124153894
185.0402 3.6042602415015597
185.1202 4.796952427265536
185.2002 5.306092055246602
185.2802 7.722474384036249
185.3602 5.885851375468563
185.4402 9.228026472218748
185.5202 9.661238762035689
185.6002 6.526606815232909
185.6802 9.311912044442527
185.7602 6.1043846937248745
185.8402 6.79226558057471
185.9202 8.323503290836706
186.0002 9.244197900288285
186.0802 2.724540714357505
186.1602 4.054209375998507
186.2402 2.246640952971821
186.3202 6.681621360269834
186.4002 5.355983674444186
186.4802 5.985073309877457
186.5602 6.40989932538673
186.6402 7.627789393419434
186.7202 5.4328552688402505
186.8002 7.1834174555451185
186.8802 6.160905324646607
186.9602 3.9207372227950006
187.0402 10.046858204213759
187.1202 8.853039108632556
187.2002 6.534705662899155
187.2802 6.993298456486312
187.3602 8.545981891098224
187.4402 3.9788052719030986
187.5202 8.426574305058613
187.6002 6.290978464593681
187.6802 7.7341441603510725
187.7602 7.798187868100425
187.8402 7.110780746141139
187.9202 9.228487114665434
188.0002 7.669734280955505
188.0802 6.019539968433398
188.1602 8.142363409080913
188.2402 9.072416958990125
188.3202 6.959174050950194
188.4002 5.415868520107463
188.4802 1.7303934256350841
188.5602 1.97153459395307
188.6402 3.9836216746472264
188.7202 1.3470540939987725
188.8002 2.781343058889914
188.8802 4.27459929408509
188.9602 6.472531077155455
189.0402 7.146719001960975
189.1202 6.987480275440586
189.2002 5.610354908447869
189.2802 7.018842535472656
189.3602 7.652181557632876
189.4402 5.161660227381281
189.5202 11.782488518779056
189.6002 11.207607246186175
189.6802 4.280550130085267
189.7602 5.3455637134474285
189.8402 4.365637441020807
189.9202 6.706994008792966
190.0002 6.721136701240224
190.0802 6.823469579818832
190.1602 9.58056230107168
190.2402 5.767308589062693
190.3202 8.208967588613067
190.4002 11.552903756146828
190.4802 7.497005130460689
190.5602 6.750968344364173
190.6402 7.3237973026937775
190.7202 6.265144068407514
190.8002 5.410001190817476
190.8802 6.399422170823642
190.9602 6.415725090969108
191.0402 6.943994352316593
191.1202 5.387904565352222
191.2002 5.604699550244779
191.2802 7.069634656317951
191.3602 7.342440247217523
191.4402 8.976175011052606
191.5202 3.231300263105073
191.6002 6.600355094629425
191.6802 5.6164234558149015
191.7602 6.630910594211151
191.8402 5.2837568561373
191.9202 6.4102513291677585
192.0002 8.222160933492068
192.0802 7.265870455315929
192.1602 6.528888014610139
192.2402 2.9411612971031613
192.3202 4.908482798189646
192.4002 4.937919172316986
192.4802 2.9598281529836075
192.5602 6.319136213496911
192.6402 5.935791063378979
192.7202 6.367927603374551
192.8002 7.559247237909082
192.8802 6.363671231629882
192.9602 6.43867574917653
193.0402 5.201735151383723
193.1202 5.2765398187317505
193.2002 4.0065830599259975
193.2802 5.316455086122061
193.3602 5.132694153802341
193.4402 2.943338144787375
193.5202 3.2878347969969224
193.6002 5.355847366413159
193.6802 3.0164026831497255
193.7602 6.0276420660385925
193.8402 7.202611686682287
193.9202 5.103156142604417
194.0002 4.45328769389568
194.0802 6.415202959018625
194.1602 7.37644850248149
194.2402 6.345016882874418
194.3202 7.129973526617412
194.4002 4.868497153620017
194.4802 3.9975521824807547
194.5602 7.350124542979975
194.6402 7.035911035213688
194.7202 4.93379081140669
194.8002 2.661468395221715
194.8802 5.06772367592805
194.9602 2.565767165665506
195.0402 5.090848779512013
195.1202 5.727981804963261
195.2002 7.234790088553812
195.2802 5.184678606516796
195.3602 5.259278584358222
195.4402 5.640009191751381
195.5202 7.075486789713549
195.6002 8.56143461776148
195.6802 6.481812333881309
195.7602 6.865272490040904
195.8402 8.51546212746304
195.9202 6.291001859236381
196.0002 11.075748568484318
196.0802 9.894207362967405
196.1602 6.153231336385993
196.2402 4.302907873799189
196.3202 5.338748547760988
196.4002 5.445930472576719
196.4802 7.77412540985304
196.5602 5.934279187901097
196.6402 5.323526750127792
196.7202 6.260572188112401
196.8002 6.330246441631334
196.8802 7.5027091389994025
196.9602 6.239414864220657
197.0402 5.951295187953746
197.1202 7.071264986947541
197.2002 5.536683884975875
197.2802 6.56655391991113
197.3602 7.560690910895988
197.4402 4.918344460122107
197.5202 6.415272039034463
197.6002 6.285095191874117
197.6802 8.775862787555006
197.7602 6.332327680500388
197.8402 6.909085456201222
197.9202 6.261845164936652
198.0002 6.187391023690503
198.0802 6.178854050497222
198.1602 6.759029591225459
198.2402 4.583001536336205
198.3202 8.038219746374052
198.4002 7.661637424615382
198.4802 4.1986546385001855
198.5602 7.190609732085782
198.6402 3.9600516396996115
198.7202 6.30707863915364
198.8002 5.3578823038953045
198.8802 3.9911539877398066
198.9602 5.494438567041603
199.0402 5.087267143157256
199.1202 7.020623783388075
199.2002 10.54050700088866
199.2802 4.956870432514556
199.3602 10.843606795794809
199.4402 4.106124888558214
199.5202 7.297680254874855
199.6002 7.17919948983086
199.6802 8.079569310310994
199.7602 7.261478338748185
199.8402 5.702165836658353
199.9202 5.96294419617487
200.0002 7.4983060165755235
200.0802 7.795063504015717
200.1602 3.6516050320739266
200.2402 3.095883759391062
200.3202 7.285119117024471
200.4002 3.883155980914968
200.4802 7.349116815388069
200.5602 6.807917171226936
200.6402 7.831465784512841
200.7202 4.685822695008021
200.8002 7.843539367620127
200.8802 4.191778981362397
200.9602 7.019991377121696
201.0402 5.042002318304243
201.1202 4.6220728348684466
201.2002 5.075492390944497
201.2802 6.446859557435682
201.3602 4.801929858350662
201.4402 5.387389550124464
201.5202 6.253118106223556
201.6002 7.183425787455667
201.6802 5.967360519233896
201.7602 5.935184924568319
201.8402 7.107401505824889
201.9202 4.36718456697667
202.0002 4.753656199706511
202.0802 9.668037976686799
202.1602 4.9429973123462485
202.2402 5.502429137613839
202.3202 4.596307158699335
202.4002 4.472459079614576
202.4802 5.69371265610505
202.5602 3.9334476293725924
202.6402 4.882352806498146
202.7202 5.52066186003979
202.8002 2.9576874101157573
202.8802 2.4012856262345936
202.9602 4.767298262726309
203.0402 4.211814145889976
203.1202 3.675413861804572
203.2002 4.212318991494218
203.2802 6.410130557883738
203.3602 3.3835866515608277
203.4402 2.852128515348539
203.5202 5.07578004487638
203.6002 3.9324566967555414
203.6802 4.014131590285545
203.7602 3.327640533759207
203.8402 5.225118432211167
203.9202 7.091331927403839
204.0002 3.062784960570352
204.0802 8.46028889929306
204.1602 7.70487695615644
204.2402 5.682957683239351
204.3202 3.305616790575103
204.4002 5.5900151603651675
204.4802 7.173803357119459
204.5602 9.109786602961645
204.6402 4.447423798022758
204.7202 4.518909612852661
204.8002 8.391763243336888
204.8802 7.420433999158837
204.9602 6.64874438362313
205.0402 7.817387734983159
205.1202 10.192681425861704
205.2002 6.195459260858341
205.2802 4.83294621824623
205.3602 4.822115868396627
205.4402 6.980896855098898
205.5202 6.622119022757366
205.6002 7.541172219559689
205.6802 5.470616902727945
205.7602 3.6315016247267455
205.8402 6.850344333499181
205.9202 7.0157715067308635
206.0002 6.2302779142629525
206.0802 10.768201754440266
206.1602 9.23480592975939
206.2402 4.714108336473005
206.3202 5.822535317411282
206.4002 7.958220516570815
206.4802 3.78401683250328
206.5602 3.081491389674161
206.6402 2.8898766688218074
206.7202 1.6796740655484048
206.8002 0.8151879866651376
206.8802 1.596653981615657
206.9602 0.6880314009883303
207.0402 1.6551867093231236
207.1202 1.5338909466572117
207.2002 1.547013454019446
207.2802 1.8389860310977768
207.3602 1.0121918636576686
207.4402 1.5974758027293166
207.5202 1.0863109777121633
207.6002 1.2765461586933664
207.6802 1.6621654792974732
207.7602 2.8750461918102093
207.8402 4.432040969904206
207.9202 3.22006882079772
208.0002 1.1056565203872921
208.0802 1.365843821657603
208.1602 0.9512285974558787
208.2402 1.0780539380008292
208.3202 1.1465058183668873
208.4002 1.4543368398758583
208.4802 0.7150649359620487
208.5602 0.6467396919024557
208.6402 0.620310139954873
208.7202 2.4848827559567104
